prey;predator;dzik;iteration
1219;195;190;0
1181;194;190;1
1148;189;190;2
1126;188;190;3
1142;184;190;4
1225;182;190;5
1328;179;190;6
1528;175;190;7
1681;173;193;8
1863;181;193;9
1979;184;202;10
2026;197;209;11
2067;212;225;12
2138;225;224;13
2210;231;227;14
2300;238;241;15
2360;258;283;16
2439;281;290;17
2485;300;294;18
2571;299;318;19
2733;316;334;20
2826;330;353;21
2877;347;357;22
2870;361;403;23
2943;354;413;24
2998;358;407;25
3076;372;417;26
3067;362;377;27
3036;385;413;28
3075;401;451;29
3039;419;466;30
3017;443;473;31
2946;470;506;32
2893;488;517;33
2795;515;542;34
2734;555;558;35
2658;586;590;36
2577;611;593;37
2522;633;605;38
2512;649;618;39
2469;680;649;40
2395;700;682;41
2290;722;698;42
2230;771;721;43
2108;783;762;44
2025;802;804;45
2015;821;823;46
1902;856;821;47
1880;901;823;48
1896;920;822;49
1858;941;839;50
1814;956;847;51
1752;968;884;52
1729;994;893;53
1690;1007;902;54
1633;1004;932;55
1552;1047;942;56
1517;1050;957;57
1495;1059;985;58
1467;1074;987;59
1471;1101;999;60
1415;1126;1041;61
1373;1113;1046;62
1305;1129;1046;63
1262;1133;1053;64
1189;1131;1065;65
1110;1151;1077;66
1077;1143;1086;67
1075;1121;1089;68
1048;1119;1080;69
1043;1124;1096;70
1010;1142;1113;71
983;1129;1088;72
962;1136;1058;73
929;1143;1039;74
896;1127;1035;75
879;1100;1053;76
841;1093;1068;77
804;1074;1045;78
795;1068;1025;79
795;1072;1008;80
770;1048;1032;81
756;1023;1022;82
743;975;1021;83
716;932;994;84
718;910;955;85
684;885;926;86
656;870;894;87
630;838;873;88
609;785;829;89
618;757;767;90
591;717;741;91
598;670;758;92
623;637;746;93
629;623;715;94
649;601;691;95
640;561;678;96
632;517;676;97
604;482;642;98
619;432;629;99
626;397;599;100
673;376;590;101
681;372;571;102
686;360;547;103
748;342;521;104
773;330;502;105
795;324;482;106
839;300;460;107
859;295;429;108
867;279;400;109
871;274;376;110
864;271;346;111
906;275;367;112
964;270;357;113
990;266;355;114
1037;265;349;115
1065;268;354;116
1084;277;365;117
1129;274;366;118
1112;268;360;119
1116;282;357;120
1139;267;371;121
1194;269;378;122
1233;277;368;123
1239;279;388;124
1267;296;389;125
1294;298;403;126
1300;300;408;127
1325;316;415;128
1371;319;430;129
1356;315;428;130
1382;336;430;131
1392;340;429;132
1389;340;429;133
1415;333;425;134
1423;331;441;135
1439;329;460;136
1438;343;480;137
1447;367;484;138
1458;369;491;139
1453;367;504;140
1435;366;513;141
1449;363;522;142
1473;373;539;143
1498;383;545;144
1534;381;541;145
1568;382;544;146
1584;401;549;147
1660;414;536;148
1705;429;533;149
1737;424;543;150
1734;419;570;151
1783;408;578;152
1870;446;580;153
1905;452;581;154
1963;469;591;155
1996;476;606;156
2075;482;631;157
2159;498;631;158
2164;489;644;159
2229;482;667;160
2227;477;685;161
2296;476;702;162
2254;482;704;163
2234;483;700;164
2209;495;711;165
2199;478;728;166
2197;455;728;167
2222;466;724;168
2222;469;734;169
2225;472;736;170
2221;472;741;171
2187;477;765;172
2127;484;767;173
2147;505;781;174
2091;496;780;175
2047;493;793;176
2010;505;813;177
2041;516;795;178
2019;529;802;179
1991;545;802;180
1955;545;794;181
1931;594;771;182
1903;592;782;183
1875;599;768;184
1804;609;763;185
1783;617;764;186
1742;641;779;187
1742;661;782;188
1709;680;772;189
1709;718;754;190
1675;708;768;191
1639;700;760;192
1625;716;750;193
1577;716;775;194
1507;714;772;195
1486;712;749;196
1431;719;735;197
1425;722;766;198
1380;704;769;199
1355;706;756;200
1334;704;747;201
1291;711;717;202
1233;717;706;203
1190;723;693;204
1178;724;713;205
1140;721;685;206
1137;720;677;207
1138;715;651;208
1129;694;665;209
1094;672;663;210
1061;680;645;211
1027;669;654;212
1018;664;651;213
992;654;636;214
1027;626;646;215
1059;605;627;216
1096;588;610;217
1108;563;592;218
1128;558;592;219
1121;532;576;220
1086;506;557;221
1145;489;538;222
1155;489;538;223
1175;478;534;224
1209;455;510;225
1215;434;492;226
1235;432;465;227
1256;409;467;228
1301;399;468;229
1297;389;462;230
1306;398;460;231
1341;402;465;232
1339;410;454;233
1366;406;453;234
1390;395;459;235
1376;381;461;236
1363;376;446;237
1391;383;448;238
1392;381;448;239
1439;386;426;240
1451;389;413;241
1474;397;419;242
1512;398;431;243
1501;404;456;244
1554;427;455;245
1572;429;465;246
1649;418;482;247
1691;423;494;248
1682;416;516;249
1712;425;505;250
1734;427;497;251
1771;414;504;252
1841;424;532;253
1875;418;537;254
1937;444;562;255
2040;436;563;256
2127;429;572;257
2181;452;585;258
2238;441;592;259
2308;430;608;260
2329;435;610;261
2410;462;610;262
2474;461;621;263
2551;475;638;264
2632;495;637;265
2702;493;644;266
2677;502;653;267
2627;515;661;268
2630;512;667;269
2649;512;671;270
2582;534;683;271
2497;542;682;272
2470;546;722;273
2407;553;697;274
2385;591;700;275
2334;608;718;276
2272;637;724;277
2243;631;750;278
2157;649;777;279
2052;666;784;280
1971;684;795;281
1921;691;794;282
1916;705;834;283
1873;717;847;284
1792;758;848;285
1815;772;850;286
1761;815;866;287
1721;833;899;288
1638;843;917;289
1603;849;927;290
1549;871;956;291
1487;882;970;292
1432;929;980;293
1375;959;997;294
1320;1004;1003;295
1266;1013;1007;296
1227;1018;1011;297
1142;1046;1018;298
1095;1073;1047;299
1063;1076;1052;300
1001;1070;1054;301
987;1082;1069;302
998;1070;1066;303
953;1084;1057;304
938;1062;1041;305
907;1068;1054;306
882;1060;1026;307
848;1053;997;308
835;1047;964;309
808;1061;933;310
777;1046;927;311
761;1027;899;312
720;1050;863;313
701;1028;846;314
697;986;837;315
680;963;805;316
665;939;766;317
689;912;740;318
673;886;699;319
692;850;677;320
697;800;634;321
732;782;607;322
717;732;589;323
753;711;557;324
752;680;512;325
743;663;483;326
765;634;451;327
761;619;435;328
794;577;410;329
805;539;387;330
825;523;364;331
847;483;356;332
889;464;362;333
898;455;337;334
921;446;317;335
904;422;317;336
910;401;327;337
941;385;305;338
947;377;293;339
968;385;310;340
983;380;314;341
984;370;310;342
988;390;318;343
1006;384;322;344
993;395;317;345
1044;388;314;346
1039;379;325;347
1082;391;339;348
1122;394;344;349
1128;399;346;350
1127;397;364;351
1149;388;374;352
1166;387;385;353
1215;386;390;354
1195;393;391;355
1223;386;410;356
1263;386;429;357
1256;369;452;358
1257;371;444;359
1318;372;459;360
1328;377;478;361
1348;370;484;362
1369;379;504;363
1353;373;539;364
1363;390;560;365
1378;394;583;366
1361;391;605;367
1370;390;632;368
1360;401;640;369
1338;433;659;370
1340;463;668;371
1349;469;666;372
1363;483;698;373
1454;485;712;374
1451;503;703;375
1488;510;693;376
1521;529;715;377
1539;533;706;378
1541;552;701;379
1535;551;703;380
1574;548;687;381
1592;579;682;382
1613;577;637;383
1632;567;620;384
1645;573;592;385
1638;592;579;386
1590;575;567;387
1633;577;556;388
1632;570;557;389
1604;578;552;390
1592;583;526;391
1540;575;483;392
1506;566;464;393
1508;555;425;394
1479;552;418;395
1475;551;399;396
1496;543;388;397
1472;527;371;398
1443;505;344;399
1463;507;333;400
1445;491;324;401
1429;493;322;402
1457;479;320;403
1464;483;317;404
1486;468;313;405
1495;462;319;406
1451;468;293;407
1459;486;285;408
1459;472;277;409
1476;455;277;410
1419;452;285;411
1463;441;277;412
1475;428;291;413
1477;413;276;414
1465;396;265;415
1466;378;247;416
1476;360;233;417
1499;327;255;418
1483;321;257;419
1479;298;256;420
1490;298;246;421
1517;302;250;422
1490;289;246;423
1523;264;230;424
1544;249;219;425
1648;233;229;426
1646;205;217;427
1741;192;231;428
1805;203;225;429
1866;208;222;430
1909;226;223;431
1962;229;243;432
1989;242;245;433
2046;239;249;434
2043;240;262;435
2069;237;259;436
2101;256;259;437
2199;251;269;438
2265;253;278;439
2318;269;282;440
2304;283;293;441
2331;300;288;442
2307;311;306;443
2307;313;319;444
2292;313;317;445
2280;347;337;446
2283;386;339;447
2314;403;356;448
2373;407;358;449
2397;428;383;450
2382;469;417;451
2392;490;437;452
2369;502;461;453
2305;523;463;454
2256;550;476;455
2258;551;485;456
2214;547;503;457
2143;561;533;458
2059;582;527;459
2050;605;544;460
2009;626;552;461
1987;632;573;462
1951;641;581;463
1872;663;584;464
1849;687;596;465
1825;720;600;466
1743;746;609;467
1660;744;619;468
1631;756;618;469
1610;762;602;470
1577;763;607;471
1576;785;597;472
1559;783;597;473
1513;775;612;474
1487;770;625;475
1524;804;621;476
1493;816;603;477
1442;794;581;478
1374;791;583;479
1312;797;579;480
1243;791;565;481
1209;782;544;482
1220;793;549;483
1223;810;527;484
1194;781;520;485
1140;758;499;486
1121;747;488;487
1101;724;479;488
1083;726;475;489
1059;741;476;490
1009;720;484;491
1019;720;493;492
1004;725;494;493
991;702;490;494
1005;680;482;495
1026;665;485;496
1046;670;495;497
1062;648;511;498
1062;648;528;499
1075;646;573;500
1063;633;578;501
1091;631;553;502
1103;613;552;503
1141;606;545;504
1194;632;560;505
1176;625;547;506
1205;613;543;507
1240;599;535;508
1273;588;551;509
1299;581;549;510
1328;582;539;511
1366;588;527;512
1372;617;512;513
1456;610;506;514
1492;626;510;515
1541;609;501;516
1590;611;478;517
1585;600;459;518
1602;618;417;519
1650;645;413;520
1678;642;432;521
1754;663;423;522
1807;690;415;523
1817;700;405;524
1877;707;406;525
1930;735;378;526
2012;743;360;527
2047;774;352;528
2136;812;367;529
2154;834;362;530
2184;832;372;531
2152;852;372;532
2141;910;377;533
2151;961;386;534
2152;998;400;535
2182;999;409;536
2207;1008;422;537
2219;1057;424;538
2222;1062;426;539
2194;1088;437;540
2198;1137;458;541
2210;1149;472;542
2159;1163;468;543
2119;1192;479;544
2066;1263;490;545
1960;1327;493;546
1910;1325;501;547
1864;1352;497;548
1821;1399;512;549
1776;1438;508;550
1674;1469;516;551
1625;1517;531;552
1596;1575;537;553
1515;1625;547;554
1443;1636;554;555
1423;1687;558;556
1349;1729;559;557
1284;1758;585;558
1233;1786;598;559
1177;1782;597;560
1135;1783;605;561
1043;1790;607;562
962;1812;616;563
904;1817;615;564
825;1821;636;565
755;1859;654;566
692;1901;661;567
655;1868;644;568
636;1849;630;569
595;1853;621;570
561;1787;602;571
503;1712;596;572
477;1648;581;573
489;1582;574;574
462;1508;555;575
446;1443;538;576
438;1397;509;577
417;1344;493;578
401;1276;466;579
418;1213;450;580
398;1161;425;581
392;1079;420;582
377;1006;398;583
391;915;383;584
390;816;348;585
396;705;323;586
396;642;322;587
393;586;312;588
386;521;308;589
407;480;291;590
409;413;268;591
415;377;250;592
423;349;237;593
439;311;238;594
444;296;226;595
468;270;226;596
464;240;217;597
485;231;197;598
483;202;198;599
507;198;191;600
516;198;194;601
562;187;187;602
580;169;182;603
581;162;175;604
603;152;164;605
601;142;169;606
633;133;167;607
699;118;162;608
710;111;156;609
740;110;151;610
793;111;157;611
821;112;167;612
843;111;158;613
857;110;167;614
918;114;168;615
976;108;161;616
1008;111;163;617
1052;116;160;618
1115;116;162;619
1135;112;171;620
1170;109;175;621
1260;110;169;622
1315;122;173;623
1378;121;171;624
1425;119;181;625
1495;123;190;626
1592;125;195;627
1701;140;201;628
1739;149;222;629
1746;160;230;630
1800;165;237;631
1851;174;247;632
1876;175;263;633
1899;178;269;634
1947;171;269;635
1979;188;284;636
2031;193;299;637
1986;202;302;638
1972;203;321;639
2024;204;358;640
2045;228;371;641
2051;234;374;642
2040;242;400;643
2073;257;418;644
2057;267;440;645
2035;271;445;646
2039;287;486;647
2049;303;496;648
2025;313;517;649
2003;309;547;650
1956;306;577;651
1953;310;627;652
2018;331;648;653
2053;348;668;654
2041;358;672;655
2015;365;683;656
1931;385;688;657
1920;388;704;658
1915;407;742;659
1924;424;746;660
1899;440;804;661
1808;455;845;662
1733;469;862;663
1734;479;864;664
1688;487;897;665
1683;488;911;666
1693;484;922;667
1678;477;926;668
1657;474;967;669
1637;458;979;670
1628;460;975;671
1674;436;986;672
1692;441;995;673
1639;444;979;674
1674;409;978;675
1669;391;980;676
1661;383;972;677
1645;366;937;678
1649;345;922;679
1666;324;897;680
1672;310;855;681
1639;301;851;682
1639;288;846;683
1617;275;833;684
1651;261;806;685
1680;249;801;686
1648;238;791;687
1589;227;723;688
1585;231;729;689
1597;239;704;690
1583;243;713;691
1571;236;712;692
1568;220;732;693
1565;223;734;694
1528;222;743;695
1466;233;725;696
1448;241;724;697
1439;237;714;698
1393;238;725;699
1394;254;732;700
1369;251;747;701
1362;262;743;702
1349;267;737;703
1371;277;747;704
1326;280;748;705
1331;279;743;706
1311;275;763;707
1292;265;750;708
1272;267;734;709
1276;283;736;710
1293;277;723;711
1299;274;719;712
1281;268;724;713
1326;267;690;714
1332;278;678;715
1321;280;661;716
1330;283;663;717
1382;265;635;718
1418;258;595;719
1432;251;570;720
1403;252;546;721
1427;264;530;722
1397;286;518;723
1399;308;498;724
1428;327;486;725
1432;339;444;726
1433;350;433;727
1473;348;418;728
1497;354;413;729
1503;363;422;730
1485;369;411;731
1505;370;400;732
1512;382;417;733
1541;389;412;734
1539;422;405;735
1557;420;409;736
1577;425;416;737
1678;431;443;738
1721;433;459;739
1755;459;439;740
1820;486;430;741
1866;472;445;742
1932;455;459;743
1965;463;472;744
1963;475;469;745
2049;496;486;746
2121;484;484;747
2193;475;490;748
2230;471;518;749
2267;468;528;750
2335;473;539;751
2392;459;545;752
2358;455;586;753
2374;458;593;754
2414;462;606;755
2445;471;613;756
2418;468;617;757
2435;463;648;758
2455;456;668;759
2470;437;685;760
2423;455;703;761
2394;459;717;762
2313;459;767;763
2294;443;800;764
2258;444;813;765
2211;447;853;766
2122;472;888;767
2070;481;916;768
1988;484;932;769
1916;478;956;770
1817;486;985;771
1748;487;1006;772
1679;479;1047;773
1590;453;1077;774
1488;466;1122;775
1390;467;1115;776
1317;466;1158;777
1291;454;1198;778
1214;425;1205;779
1142;406;1195;780
1086;386;1200;781
1017;393;1238;782
973;388;1292;783
945;378;1282;784
888;365;1276;785
836;377;1266;786
792;364;1258;787
774;354;1258;788
756;354;1229;789
748;349;1202;790
728;337;1162;791
730;322;1151;792
756;330;1118;793
747;302;1067;794
742;280;1050;795
721;267;1006;796
729;271;953;797
763;265;913;798
804;262;882;799
778;250;877;800
772;239;848;801
807;236;798;802
831;226;785;803
845;235;761;804
877;208;709;805
905;205;674;806
934;204;683;807
932;198;658;808
960;188;620;809
974;192;589;810
1008;194;552;811
1073;184;538;812
1083;177;521;813
1106;168;506;814
1135;154;513;815
1182;160;516;816
1186;155;516;817
1212;155;535;818
1260;155;516;819
1298;166;515;820
1318;154;494;821
1357;153;502;822
1413;138;505;823
1434;132;494;824
1461;146;501;825
1517;148;503;826
1620;146;484;827
1669;142;481;828
1710;139;502;829
1727;140;502;830
1739;141;520;831
1758;150;548;832
1827;160;561;833
1870;167;578;834
1984;163;602;835
2118;157;604;836
2249;161;600;837
2273;172;610;838
2326;168;624;839
2352;165;646;840
2429;157;671;841
2450;158;682;842
2469;158;676;843
2506;163;697;844
2565;161;705;845
2552;175;706;846
2571;170;739;847
2653;186;774;848
2693;208;795;849
2676;208;798;850
2724;215;807;851
2698;224;837;852
2665;252;883;853
2674;254;945;854
2697;264;1029;855
2667;260;1066;856
2656;269;1097;857
2620;272;1118;858
2496;274;1177;859
2449;305;1214;860
2432;297;1258;861
2343;298;1322;862
2272;301;1363;863
2139;302;1421;864
2041;329;1505;865
1940;337;1568;866
1811;356;1654;867
1733;349;1708;868
1674;376;1742;869
1591;387;1792;870
1493;399;1829;871
1406;404;1842;872
1333;415;1899;873
1249;436;1914;874
1169;437;1941;875
1146;438;1951;876
1093;447;1971;877
1063;465;1997;878
997;469;2011;879
947;467;2032;880
909;463;2009;881
896;472;1990;882
821;494;1991;883
802;488;1943;884
826;475;1921;885
811;470;1876;886
771;463;1854;887
761;449;1807;888
741;456;1781;889
696;476;1755;890
682;469;1723;891
651;471;1647;892
655;443;1589;893
666;447;1544;894
657;428;1496;895
630;418;1458;896
621;397;1411;897
599;393;1335;898
586;379;1314;899
558;378;1275;900
536;370;1242;901
564;343;1197;902
583;334;1166;903
583;328;1127;904
582;335;1081;905
578;327;1035;906
588;323;986;907
602;314;935;908
602;280;888;909
589;284;846;910
588;266;804;911
604;257;749;912
604;249;695;913
592;252;654;914
595;237;619;915
620;245;593;916
630;235;565;917
631;219;522;918
641;202;499;919
642;203;464;920
649;200;430;921
643;194;418;922
671;189;398;923
689;179;379;924
689;172;350;925
711;165;362;926
726;153;350;927
738;150;356;928
765;140;339;929
765;140;331;930
778;132;335;931
826;127;335;932
824;115;336;933
818;114;345;934
861;104;357;935
885;104;346;936
912;97;349;937
935;93;333;938
995;88;355;939
1037;90;359;940
1056;87;350;941
1092;95;346;942
1138;93;347;943
1186;99;359;944
1231;105;359;945
1267;112;355;946
1324;114;351;947
1411;109;375;948
1452;105;378;949
1489;105;382;950
1533;97;377;951
1582;102;369;952
1648;100;371;953
1690;95;384;954
1766;93;391;955
1849;93;397;956
1919;96;406;957
2032;101;398;958
2135;114;412;959
2221;115;427;960
2249;120;443;961
2258;117;439;962
2291;117;446;963
2335;117;475;964
2429;117;493;965
2515;120;486;966
2595;130;501;967
2663;127;522;968
2682;125;531;969
2742;122;550;970
2753;124;581;971
2755;129;593;972
2735;132;602;973
2731;128;606;974
2690;150;620;975
2679;151;624;976
2662;155;661;977
2661;165;688;978
2647;176;704;979
2499;187;760;980
2438;202;774;981
2352;204;779;982
2230;211;799;983
2130;212;799;984
2020;224;811;985
1941;225;821;986
1931;226;834;987
1859;226;837;988
1770;233;856;989
1722;247;867;990
1663;264;863;991
1534;265;851;992
1458;269;849;993
1405;266;850;994
1371;274;870;995
1322;285;878;996
1276;293;870;997
1257;302;855;998
1282;321;828;999
1244;319;823;1000
1212;336;820;1001
1161;339;808;1002
1174;343;823;1003
1140;346;817;1004
1135;355;803;1005
1141;365;785;1006
1162;373;795;1007
1167;366;775;1008
1125;365;746;1009
1141;354;742;1010
1163;358;724;1011
1149;370;725;1012
1137;382;688;1013
1151;376;650;1014
1164;368;633;1015
1216;375;607;1016
1279;382;608;1017
1307;359;623;1018
1331;358;610;1019
1388;349;605;1020
1408;340;595;1021
1428;343;571;1022
1501;343;544;1023
1485;331;542;1024
1540;339;543;1025
1546;321;530;1026
1615;322;512;1027
1666;321;508;1028
1706;324;502;1029
1718;317;474;1030
1806;297;484;1031
1787;288;499;1032
1813;279;498;1033
1816;284;476;1034
1853;270;470;1035
1840;257;451;1036
1817;253;436;1037
1814;240;442;1038
1816;252;475;1039
1807;235;485;1040
1796;226;497;1041
1751;228;500;1042
1793;227;517;1043
1781;211;528;1044
1778;229;551;1045
1753;239;573;1046
1786;227;589;1047
1784;219;599;1048
1781;223;635;1049
1759;217;665;1050
1784;214;676;1051
1783;217;685;1052
1822;209;713;1053
1852;212;722;1054
1927;210;770;1055
1964;211;797;1056
1983;205;818;1057
1944;206;830;1058
1966;198;855;1059
1953;202;875;1060
1951;196;905;1061
1960;202;948;1062
2034;217;965;1063
2051;212;981;1064
2014;219;1013;1065
2017;224;1078;1066
2018;231;1102;1067
1989;255;1120;1068
1933;269;1133;1069
1869;280;1188;1070
1813;306;1210;1071
1732;306;1240;1072
1669;302;1251;1073
1585;311;1294;1074
1527;318;1368;1075
1498;327;1383;1076
1489;321;1381;1077
1457;325;1406;1078
1403;316;1426;1079
1334;325;1454;1080
1293;322;1453;1081
1250;322;1475;1082
1199;338;1499;1083
1179;341;1510;1084
1149;360;1529;1085
1162;376;1513;1086
1106;371;1515;1087
1065;363;1508;1088
1042;370;1462;1089
1016;373;1454;1090
1008;368;1443;1091
975;370;1415;1092
985;370;1345;1093
997;374;1270;1094
993;361;1241;1095
959;380;1196;1096
942;379;1186;1097
933;377;1144;1098
927;377;1085;1099
934;376;1078;1100
925;389;1063;1101
926;384;1039;1102
924;374;1019;1103
900;388;994;1104
899;406;983;1105
882;414;931;1106
858;416;889;1107
840;434;881;1108
838;429;857;1109
809;445;815;1110
806;448;800;1111
786;469;788;1112
754;491;768;1113
754;533;740;1114
760;536;723;1115
739;532;714;1116
715;533;708;1117
701;542;705;1118
699;549;690;1119
696;559;664;1120
673;558;645;1121
661;579;646;1122
652;572;639;1123
637;582;622;1124
636;591;627;1125
599;585;624;1126
578;587;598;1127
542;591;558;1128
545;605;523;1129
527;609;500;1130
522;599;467;1131
542;594;451;1132
535;583;446;1133
550;583;444;1134
558;584;419;1135
542;576;398;1136
548;544;385;1137
546;551;386;1138
546;540;359;1139
549;503;350;1140
566;465;325;1141
577;440;310;1142
567;424;290;1143
564;422;268;1144
577;408;251;1145
604;382;238;1146
602;380;232;1147
618;357;219;1148
689;336;211;1149
729;317;197;1150
760;307;197;1151
762;286;182;1152
763;280;164;1153
794;270;158;1154
816;254;162;1155
863;257;155;1156
880;266;144;1157
936;271;153;1158
991;282;141;1159
1055;281;138;1160
1084;276;131;1161
1135;271;130;1162
1184;278;131;1163
1273;283;125;1164
1330;281;127;1165
1366;269;125;1166
1388;272;119;1167
1414;276;117;1168
1492;274;123;1169
1572;271;119;1170
1633;270;120;1171
1720;264;124;1172
1775;262;127;1173
1840;269;123;1174
1960;262;123;1175
2021;279;130;1176
2088;289;134;1177
2147;288;144;1178
2200;296;151;1179
2249;305;164;1180
2315;323;166;1181
2357;336;183;1182
2453;341;180;1183
2524;353;193;1184
2627;350;199;1185
2671;378;212;1186
2764;373;223;1187
2784;380;233;1188
2821;400;240;1189
2862;410;241;1190
2922;414;250;1191
2952;432;254;1192
2976;453;262;1193
2996;496;280;1194
2989;496;289;1195
2955;502;300;1196
2935;517;313;1197
2892;549;322;1198
2836;585;335;1199
2819;608;340;1200
2788;622;374;1201
2681;647;416;1202
2670;675;415;1203
2611;693;448;1204
2550;718;466;1205
2466;755;494;1206
2348;782;522;1207
2223;815;545;1208
2171;821;570;1209
2108;892;601;1210
2039;932;654;1211
1968;931;666;1212
1928;970;703;1213
1831;1018;716;1214
1772;1044;734;1215
1667;1100;774;1216
1608;1103;795;1217
1579;1130;830;1218
1498;1156;857;1219
1423;1176;906;1220
1358;1236;923;1221
1314;1276;928;1222
1268;1291;947;1223
1198;1282;960;1224
1180;1284;969;1225
1118;1307;962;1226
1126;1330;1007;1227
1059;1339;1013;1228
1003;1306;1008;1229
990;1340;999;1230
984;1367;1038;1231
947;1386;1026;1232
912;1357;1019;1233
854;1329;1003;1234
840;1295;1017;1235
787;1291;1008;1236
785;1270;1010;1237
760;1212;983;1238
764;1195;964;1239
790;1168;963;1240
772;1093;930;1241
768;1058;930;1242
730;1016;900;1243
709;980;868;1244
680;929;842;1245
669;887;808;1246
682;871;760;1247
692;829;730;1248
687;767;735;1249
694;714;675;1250
732;684;658;1251
738;682;642;1252
767;678;620;1253
759;644;569;1254
744;610;548;1255
739;572;521;1256
744;533;493;1257
777;489;492;1258
805;454;465;1259
833;431;449;1260
873;393;450;1261
897;386;430;1262
891;370;426;1263
913;358;410;1264
920;340;404;1265
919;296;404;1266
961;281;400;1267
981;266;408;1268
1010;251;428;1269
1015;235;450;1270
1024;216;464;1271
1024;204;473;1272
1017;197;467;1273
995;194;498;1274
978;194;511;1275
994;180;498;1276
980;173;509;1277
986;182;506;1278
997;183;534;1279
1003;179;563;1280
1024;169;602;1281
1015;172;607;1282
1042;189;637;1283
1054;181;651;1284
1087;177;648;1285
1073;173;655;1286
1083;174;668;1287
1114;180;698;1288
1148;190;706;1289
1176;196;716;1290
1221;197;722;1291
1217;200;736;1292
1251;198;752;1293
1251;201;756;1294
1281;205;771;1295
1282;205;767;1296
1269;205;761;1297
1250;210;754;1298
1321;220;757;1299
1308;217;742;1300
1290;219;739;1301
1271;243;718;1302
1298;255;717;1303
1303;259;740;1304
1350;259;779;1305
1371;262;786;1306
1344;267;749;1307
1348;282;773;1308
1319;294;768;1309
1310;290;761;1310
1287;298;752;1311
1300;309;745;1312
1283;307;765;1313
1285;316;769;1314
1273;324;768;1315
1282;329;786;1316
1320;330;793;1317
1317;340;793;1318
1290;336;793;1319
1289;350;793;1320
1266;365;793;1321
1275;384;797;1322
1279;390;810;1323
1295;387;812;1324
1304;403;804;1325
1350;400;822;1326
1351;394;808;1327
1332;380;828;1328
1333;363;840;1329
1323;368;854;1330
1300;376;843;1331
1281;376;834;1332
1259;378;854;1333
1266;376;846;1334
1285;379;860;1335
1274;384;887;1336
1247;382;899;1337
1288;390;923;1338
1280;383;940;1339
1288;417;945;1340
1242;421;936;1341
1242;437;920;1342
1234;432;906;1343
1213;409;889;1344
1208;416;915;1345
1182;423;924;1346
1149;425;911;1347
1153;428;895;1348
1180;424;876;1349
1181;403;865;1350
1170;395;885;1351
1169;381;858;1352
1177;391;841;1353
1199;407;816;1354
1168;406;794;1355
1165;410;794;1356
1159;418;782;1357
1118;411;778;1358
1099;405;765;1359
1129;407;754;1360
1102;396;738;1361
1099;405;711;1362
1125;418;666;1363
1146;418;641;1364
1162;404;647;1365
1187;417;649;1366
1209;413;640;1367
1179;415;617;1368
1187;397;630;1369
1153;398;602;1370
1195;405;603;1371
1212;405;584;1372
1229;406;567;1373
1253;413;562;1374
1251;403;571;1375
1272;409;554;1376
1311;416;532;1377
1295;413;522;1378
1302;408;518;1379
1344;409;506;1380
1337;412;492;1381
1378;400;490;1382
1422;392;490;1383
1436;402;480;1384
1474;397;468;1385
1507;401;462;1386
1521;405;446;1387
1525;400;430;1388
1570;407;425;1389
1574;409;417;1390
1637;412;426;1391
1658;412;420;1392
1688;427;400;1393
1695;445;387;1394
1792;457;382;1395
1815;478;383;1396
1857;497;373;1397
1869;490;364;1398
1929;504;374;1399
1960;507;390;1400
1992;547;388;1401
1988;559;381;1402
2032;581;392;1403
2084;569;411;1404
2115;573;426;1405
2138;576;450;1406
2194;585;454;1407
2185;582;472;1408
2220;587;484;1409
2241;616;520;1410
2218;619;541;1411
2230;621;562;1412
2249;663;583;1413
2257;679;608;1414
2270;673;644;1415
2256;698;650;1416
2269;706;669;1417
2230;721;677;1418
2254;729;713;1419
2256;728;738;1420
2176;741;756;1421
2189;752;789;1422
2125;767;816;1423
2102;771;823;1424
2063;782;828;1425
2014;770;848;1426
1972;773;875;1427
1930;781;919;1428
1878;772;943;1429
1801;770;963;1430
1759;775;961;1431
1694;796;986;1432
1641;809;1012;1433
1586;843;1033;1434
1507;835;1073;1435
1465;838;1086;1436
1393;835;1102;1437
1301;831;1105;1438
1215;839;1137;1439
1144;811;1159;1440
1092;812;1178;1441
1045;805;1177;1442
968;788;1231;1443
959;761;1256;1444
942;762;1259;1445
927;730;1258;1446
907;711;1251;1447
908;679;1263;1448
900;647;1258;1449
851;624;1235;1450
821;611;1232;1451
820;596;1235;1452
797;571;1225;1453
809;552;1197;1454
810;532;1175;1455
770;505;1149;1456
793;476;1144;1457
779;435;1152;1458
797;423;1114;1459
781;385;1077;1460
767;345;1049;1461
737;308;985;1462
742;308;965;1463
720;308;930;1464
727;326;902;1465
731;304;862;1466
742;300;824;1467
748;293;806;1468
744;293;802;1469
718;310;791;1470
728;312;766;1471
726;303;758;1472
756;301;742;1473
757;306;718;1474
783;309;683;1475
797;307;646;1476
805;303;619;1477
863;301;599;1478
856;303;583;1479
878;301;564;1480
892;299;537;1481
892;298;521;1482
871;307;498;1483
908;304;483;1484
927;318;468;1485
972;322;444;1486
979;316;423;1487
1031;320;432;1488
1046;319;418;1489
1034;329;396;1490
1033;325;392;1491
1031;316;402;1492
1041;305;420;1493
1055;317;416;1494
1074;320;413;1495
1058;322;410;1496
1137;309;413;1497
1199;312;406;1498
1194;336;416;1499
1185;338;406;1500
1206;346;395;1501
1219;346;415;1502
1237;361;426;1503
1254;353;438;1504
1241;343;457;1505
1278;348;461;1506
1299;340;487;1507
1354;339;506;1508
1346;330;542;1509
1377;314;540;1510
1362;316;567;1511
1369;294;580;1512
1378;286;612;1513
1438;276;626;1514
1465;262;641;1515
1458;261;642;1516
1447;248;655;1517
1450;217;650;1518
1451;212;659;1519
1432;192;656;1520
1453;177;667;1521
1426;165;705;1522
1422;165;741;1523
1432;154;736;1524
1437;140;749;1525
1426;119;739;1526
1429;115;758;1527
1425;117;770;1528
1385;116;787;1529
1388;113;797;1530
1412;111;812;1531
1415;109;797;1532
1469;104;797;1533
1482;100;788;1534
1482;111;817;1535
1524;113;837;1536
1545;112;831;1537
1566;113;829;1538
1599;117;858;1539
1637;112;870;1540
1650;109;857;1541
1659;105;838;1542
1648;104;851;1543
1699;110;862;1544
1724;105;875;1545
1750;102;859;1546
1770;94;847;1547
1787;93;825;1548
1797;107;802;1549
1805;108;768;1550
1795;104;761;1551
1752;108;758;1552
1768;101;769;1553
1733;99;774;1554
1722;100;742;1555
1725;99;727;1556
1706;101;717;1557
1690;106;683;1558
1657;119;663;1559
1670;119;665;1560
1629;120;684;1561
1598;115;657;1562
1560;114;625;1563
1603;120;645;1564
1548;119;651;1565
1502;122;673;1566
1509;120;675;1567
1521;112;676;1568
1527;113;674;1569
1519;114;686;1570
1520;115;681;1571
1484;121;692;1572
1491;124;706;1573
1524;134;695;1574
1513;142;697;1575
1508;144;710;1576
1525;146;723;1577
1554;144;743;1578
1580;145;788;1579
1565;151;788;1580
1585;150;779;1581
1586;173;758;1582
1587;178;759;1583
1554;182;772;1584
1553;176;765;1585
1553;167;780;1586
1559;163;801;1587
1532;171;790;1588
1518;169;807;1589
1519;165;800;1590
1556;184;804;1591
1586;182;822;1592
1576;178;842;1593
1598;186;855;1594
1636;197;850;1595
1640;207;848;1596
1602;212;836;1597
1614;224;843;1598
1605;223;856;1599
1649;218;834;1600
1624;218;856;1601
1627;206;881;1602
1671;196;911;1603
1680;197;939;1604
1692;184;928;1605
1643;188;929;1606
1660;202;953;1607
1631;201;965;1608
1614;207;976;1609
1612;192;1010;1610
1583;197;1037;1611
1555;193;1032;1612
1544;196;1073;1613
1560;186;1086;1614
1526;191;1109;1615
1502;183;1122;1616
1483;178;1135;1617
1474;168;1158;1618
1454;168;1161;1619
1428;185;1162;1620
1422;191;1167;1621
1388;198;1180;1622
1381;189;1183;1623
1432;196;1167;1624
1405;185;1179;1625
1394;179;1203;1626
1400;177;1230;1627
1359;184;1258;1628
1310;194;1266;1629
1288;192;1264;1630
1324;186;1258;1631
1322;186;1258;1632
1341;191;1259;1633
1315;183;1304;1634
1271;178;1295;1635
1277;180;1291;1636
1243;177;1289;1637
1214;178;1272;1638
1178;169;1296;1639
1185;162;1293;1640
1235;156;1289;1641
1227;150;1300;1642
1183;151;1273;1643
1174;152;1228;1644
1173;155;1223;1645
1145;148;1197;1646
1147;135;1176;1647
1136;131;1188;1648
1113;127;1175;1649
1122;131;1189;1650
1095;127;1197;1651
1077;124;1195;1652
1091;130;1153;1653
1125;147;1149;1654
1090;155;1147;1655
1092;145;1146;1656
1112;134;1124;1657
1113;132;1101;1658
1113;145;1092;1659
1153;149;1089;1660
1174;151;1055;1661
1183;147;1026;1662
1181;145;1039;1663
1212;143;1005;1664
1249;144;998;1665
1288;137;980;1666
1293;134;983;1667
1305;126;949;1668
1307;120;915;1669
1317;124;921;1670
1323;131;911;1671
1364;128;891;1672
1418;125;891;1673
1493;126;901;1674
1499;131;894;1675
1537;130;879;1676
1539;130;861;1677
1543;134;844;1678
1518;134;849;1679
1503;137;848;1680
1508;135;840;1681
1520;129;843;1682
1553;135;840;1683
1546;134;847;1684
1555;130;847;1685
1538;127;824;1686
1552;121;849;1687
1550;119;845;1688
1495;123;855;1689
1541;120;860;1690
1514;115;874;1691
1527;111;880;1692
1520;112;883;1693
1526;114;884;1694
1576;109;892;1695
1579;113;938;1696
1548;110;953;1697
1560;120;1001;1698
1592;113;1036;1699
1602;111;1062;1700
1617;112;1070;1701
1655;115;1083;1702
1690;111;1094;1703
1685;117;1139;1704
1671;116;1144;1705
1681;118;1160;1706
1674;118;1179;1707
1721;120;1185;1708
1713;114;1187;1709
1680;117;1211;1710
1724;122;1267;1711
1730;120;1292;1712
1733;121;1299;1713
1740;129;1287;1714
1725;129;1307;1715
1690;135;1330;1716
1623;136;1322;1717
1625;140;1307;1718
1636;144;1312;1719
1618;142;1325;1720
1595;139;1329;1721
1549;141;1337;1722
1545;135;1366;1723
1539;127;1375;1724
1530;122;1413;1725
1498;124;1396;1726
1458;126;1385;1727
1398;134;1409;1728
1355;131;1396;1729
1351;129;1409;1730
1315;125;1449;1731
1306;123;1452;1732
1286;118;1472;1733
1293;123;1472;1734
1270;116;1491;1735
1228;107;1522;1736
1236;107;1540;1737
1164;113;1535;1738
1147;112;1540;1739
1094;113;1546;1740
1097;115;1554;1741
1080;116;1548;1742
1054;110;1545;1743
1051;111;1531;1744
1045;104;1517;1745
990;106;1505;1746
988;111;1480;1747
964;115;1454;1748
980;110;1431;1749
959;109;1374;1750
919;104;1337;1751
936;98;1302;1752
978;99;1266;1753
952;94;1228;1754
933;90;1199;1755
880;82;1148;1756
890;77;1098;1757
881;75;1036;1758
895;88;1024;1759
877;85;995;1760
857;84;972;1761
866;77;940;1762
873;75;925;1763
846;70;891;1764
845;65;875;1765
848;59;846;1766
845;56;840;1767
855;53;837;1768
823;51;819;1769
840;50;795;1770
813;61;767;1771
807;62;732;1772
852;55;743;1773
873;53;748;1774
860;55;752;1775
894;51;747;1776
910;53;743;1777
957;45;733;1778
977;43;739;1779
994;47;737;1780
987;47;723;1781
1015;44;710;1782
1065;39;714;1783
1114;38;701;1784
1102;37;697;1785
1114;32;666;1786
1118;26;693;1787
1193;24;684;1788
1191;23;663;1789
1213;22;647;1790
1259;20;628;1791
1305;20;608;1792
1308;19;583;1793
1333;16;586;1794
1342;15;587;1795
1394;14;581;1796
1483;12;579;1797
1552;12;563;1798
1568;10;563;1799
1643;10;572;1800
1705;10;585;1801
1782;8;575;1802
1769;7;563;1803
1783;7;558;1804
1805;6;565;1805
1832;6;565;1806
1849;1;562;1807
1861;0;567;1808
1896;0;581;1809
1952;0;591;1810
1980;0;603;1811
1942;0;621;1812
1963;0;633;1813
1987;0;651;1814
1944;0;658;1815
1918;0;681;1816
1899;0;719;1817
1921;0;754;1818
1979;0;753;1819
2036;0;761;1820
2074;0;825;1821
2096;0;831;1822
2135;0;868;1823
2169;0;884;1824
2162;0;891;1825
2175;0;916;1826
2165;0;915;1827
2176;0;948;1828
2195;0;973;1829
2249;0;1008;1830
2249;0;1057;1831
2269;0;1142;1832
2249;0;1167;1833
2275;0;1195;1834
2335;0;1240;1835
2307;0;1246;1836
2305;0;1264;1837
2326;0;1344;1838
2312;0;1403;1839
2316;0;1416;1840
2264;0;1424;1841
2224;0;1422;1842
2262;0;1455;1843
2279;0;1515;1844
2263;0;1529;1845
2266;0;1557;1846
2234;0;1563;1847
2264;0;1577;1848
2219;0;1665;1849
2127;0;1710;1850
2063;0;1717;1851
2033;0;1767;1852
2000;0;1839;1853
1932;0;1930;1854
1880;0;1972;1855
1870;0;2040;1856
1841;0;2038;1857
1757;0;2067;1858
1724;0;2068;1859
1675;0;2111;1860
1582;0;2165;1861
1527;0;2250;1862
1476;0;2255;1863
1463;0;2281;1864
1433;0;2322;1865
1368;0;2333;1866
1338;0;2363;1867
1268;0;2377;1868
1232;0;2451;1869
1146;0;2458;1870
1099;0;2490;1871
1029;0;2477;1872
966;0;2475;1873
901;0;2488;1874
828;0;2507;1875
779;0;2486;1876
710;0;2481;1877
678;0;2499;1878
647;0;2466;1879
619;0;2434;1880
599;0;2370;1881
566;0;2343;1882
539;0;2272;1883
501;0;2195;1884
473;0;2134;1885
442;0;2096;1886
421;0;2036;1887
403;0;1934;1888
393;0;1866;1889
379;0;1798;1890
368;0;1756;1891
351;0;1673;1892
339;0;1612;1893
325;0;1543;1894
302;0;1468;1895
289;0;1380;1896
296;0;1278;1897
299;0;1184;1898
295;0;1104;1899
288;0;1038;1900
290;0;963;1901
300;0;913;1902
294;0;856;1903
286;0;810;1904
280;0;758;1905
292;0;728;1906
304;0;719;1907
311;0;676;1908
319;0;618;1909
324;0;575;1910
321;0;547;1911
340;0;516;1912
347;0;477;1913
351;0;460;1914
374;0;426;1915
371;0;414;1916
372;0;394;1917
398;0;382;1918
406;0;354;1919
422;0;347;1920
432;0;339;1921
425;0;339;1922
429;0;335;1923
444;0;329;1924
440;0;314;1925
446;0;296;1926
440;0;291;1927
446;0;286;1928
445;0;288;1929
448;0;268;1930
492;0;257;1931
501;0;243;1932
516;0;232;1933
544;0;224;1934
564;0;218;1935
572;0;214;1936
581;0;202;1937
596;0;194;1938
651;0;190;1939
674;0;186;1940
654;0;184;1941
689;0;185;1942
743;0;212;1943
800;0;205;1944
838;0;205;1945
856;0;209;1946
896;0;212;1947
924;0;202;1948
940;0;204;1949
974;0;203;1950
994;0;197;1951
1027;0;195;1952
1034;0;208;1953
1081;0;213;1954
1119;0;219;1955
1162;0;214;1956
1181;0;217;1957
1226;0;224;1958
1225;0;233;1959
1240;0;245;1960
1277;0;253;1961
1254;0;251;1962
1290;0;260;1963
1324;0;282;1964
1362;0;289;1965
1374;0;313;1966
1407;0;334;1967
1404;0;360;1968
1417;0;383;1969
1437;0;372;1970
1461;0;371;1971
1479;0;385;1972
1526;0;402;1973
1543;0;415;1974
1560;0;438;1975
1620;0;444;1976
1666;0;451;1977
1681;0;480;1978
1702;0;511;1979
1772;0;513;1980
1772;0;540;1981
1789;0;557;1982
1797;0;581;1983
1820;0;615;1984
1805;0;627;1985
1825;0;659;1986
1819;0;679;1987
1849;0;682;1988
1869;0;705;1989
1847;0;752;1990
1816;0;761;1991
1856;0;769;1992
1841;0;817;1993
1804;0;854;1994
1768;0;870;1995
1715;0;885;1996
1677;0;910;1997
1658;0;909;1998
1636;0;951;1999
