prey;predator;dzik;iteration
1108;209;220;0
1067;207;220;1
1030;207;220;2
1026;206;220;3
1035;204;220;4
1088;202;220;5
1202;200;220;6
1338;205;220;7
1491;202;221;8
1714;199;221;9
1811;201;221;10
1926;205;227;11
1974;206;230;12
2029;204;235;13
2060;222;244;14
2162;226;242;15
2219;232;245;16
2282;239;254;17
2414;229;249;18
2506;240;257;19
2632;260;286;20
2748;281;287;21
2867;302;289;22
3019;299;265;23
3155;308;275;24
3249;319;288;25
3297;324;282;26
3406;292;259;27
3490;293;270;28
3518;300;290;29
3572;318;315;30
3616;330;337;31
3649;352;351;32
3613;367;363;33
3538;376;374;34
3512;395;385;35
3436;423;397;36
3381;448;421;37
3359;475;453;38
3287;496;475;39
3191;514;477;40
3068;541;490;41
2946;542;521;42
2895;555;551;43
2802;577;573;44
2718;631;590;45
2618;661;623;46
2509;706;654;47
2453;728;689;48
2401;772;712;49
2372;791;773;50
2319;815;781;51
2229;833;810;52
2132;866;853;53
2042;880;902;54
1996;894;937;55
1987;927;965;56
1946;944;963;57
1919;954;964;58
1891;972;1001;59
1912;964;1043;60
1841;972;1066;61
1811;997;1105;62
1817;1037;1121;63
1739;1073;1133;64
1719;1115;1150;65
1721;1130;1168;66
1704;1126;1170;67
1692;1166;1197;68
1686;1188;1188;69
1665;1193;1210;70
1624;1192;1220;71
1609;1195;1262;72
1586;1180;1262;73
1478;1182;1259;74
1458;1165;1290;75
1429;1158;1294;76
1351;1164;1305;77
1328;1166;1303;78
1264;1179;1287;79
1203;1192;1274;80
1162;1182;1252;81
1095;1164;1260;82
1043;1155;1300;83
1033;1116;1332;84
1004;1074;1316;85
954;1046;1327;86
914;1021;1326;87
871;985;1321;88
814;982;1338;89
760;954;1339;90
703;918;1321;91
652;873;1330;92
607;826;1329;93
608;795;1315;94
591;756;1308;95
578;728;1292;96
567;699;1282;97
537;657;1302;98
520;626;1277;99
492;590;1258;100
492;558;1216;101
489;517;1154;102
487;503;1115;103
501;490;1084;104
492;457;1054;105
461;466;1021;106
474;436;996;107
470;402;949;108
472;386;931;109
453;367;891;110
449;360;852;111
441;355;823;112
467;337;785;113
463;318;743;114
458;302;689;115
470;277;640;116
465;262;604;117
490;248;597;118
465;232;573;119
468;216;542;120
484;206;522;121
496;196;496;122
481;192;465;123
505;186;439;124
520;195;424;125
526;200;417;126
550;192;423;127
557;193;413;128
555;198;391;129
566;194;372;130
582;189;362;131
606;187;380;132
638;179;379;133
682;169;370;134
691;166;371;135
721;159;352;136
759;157;328;137
814;152;313;138
844;147;299;139
844;139;299;140
916;135;307;141
1002;129;320;142
1036;130;315;143
1022;124;301;144
1037;120;302;145
1046;120;307;146
1073;120;307;147
1097;122;322;148
1168;128;333;149
1248;128;333;150
1309;124;332;151
1386;118;337;152
1414;121;343;153
1416;124;348;154
1484;118;350;155
1496;118;355;156
1534;117;351;157
1602;116;364;158
1663;119;367;159
1764;121;394;160
1809;117;386;161
1852;121;408;162
1915;126;418;163
1979;131;453;164
1999;135;450;165
2007;135;454;166
2029;142;473;167
2019;151;479;168
2063;148;478;169
2118;157;497;170
2159;159;511;171
2201;160;523;172
2232;165;527;173
2238;168;541;174
2246;164;543;175
2249;168;543;176
2224;169;543;177
2262;175;559;178
2260;186;580;179
2305;181;610;180
2331;176;628;181
2337;187;649;182
2390;205;671;183
2401;207;696;184
2449;214;717;185
2454;218;758;186
2436;214;748;187
2385;230;767;188
2358;221;777;189
2340;222;772;190
2324;229;773;191
2303;228;785;192
2331;247;823;193
2326;249;824;194
2264;243;875;195
2167;249;904;196
2144;255;916;197
2089;255;952;198
2022;254;976;199
1909;269;1015;200
1876;278;1045;201
1797;291;1074;202
1747;294;1113;203
1692;289;1167;204
1667;298;1181;205
1591;305;1232;206
1526;311;1230;207
1458;325;1250;208
1395;337;1281;209
1315;317;1304;210
1271;312;1315;211
1219;321;1344;212
1151;329;1375;213
1117;339;1406;214
1096;344;1426;215
1049;353;1459;216
1019;350;1451;217
999;353;1508;218
979;363;1546;219
909;378;1546;220
897;374;1521;221
896;380;1517;222
854;381;1501;223
835;374;1513;224
875;386;1530;225
834;385;1523;226
811;371;1535;227
815;357;1534;228
790;350;1519;229
792;343;1497;230
795;348;1467;231
815;337;1432;232
810;319;1388;233
843;315;1351;234
884;298;1309;235
892;296;1264;236
964;284;1188;237
938;277;1146;238
957;268;1127;239
983;246;1096;240
979;233;1045;241
988;232;1017;242
985;216;965;243
996;205;917;244
1057;200;873;245
1087;200;832;246
1108;194;782;247
1138;182;762;248
1179;181;720;249
1238;187;682;250
1237;175;632;251
1229;175;598;252
1276;181;612;253
1295;188;586;254
1333;203;572;255
1398;199;585;256
1437;198;575;257
1427;196;565;258
1439;212;561;259
1412;224;566;260
1449;234;575;261
1501;242;562;262
1566;251;540;263
1587;247;532;264
1621;242;545;265
1661;245;567;266
1673;266;563;267
1757;280;562;268
1783;293;550;269
1845;301;600;270
1896;289;616;271
1955;319;609;272
1996;309;616;273
2026;319;613;274
2055;322;630;275
2095;332;643;276
2179;334;670;277
2131;341;702;278
2182;356;741;279
2169;351;774;280
2198;372;802;281
2256;380;837;282
2231;371;846;283
2233;392;882;284
2196;392;911;285
2157;385;966;286
2157;402;1001;287
2149;388;1013;288
2156;403;1047;289
2141;420;1082;290
2163;411;1102;291
2079;432;1110;292
2073;439;1149;293
2004;462;1166;294
1979;453;1221;295
1910;452;1268;296
1813;465;1304;297
1755;462;1287;298
1670;460;1322;299
1620;450;1337;300
1585;467;1368;301
1557;474;1369;302
1491;476;1371;303
1394;476;1352;304
1325;482;1317;305
1234;478;1301;306
1188;483;1291;307
1112;463;1255;308
1082;444;1216;309
1040;454;1204;310
1024;471;1169;311
984;454;1122;312
953;436;1074;313
964;435;1020;314
952;423;981;315
929;420;936;316
895;412;934;317
923;408;900;318
914;420;888;319
871;446;831;320
870;453;814;321
877;446;771;322
886;448;748;323
878;447;716;324
872;432;694;325
861;437;660;326
889;431;628;327
896;440;602;328
905;449;574;329
905;441;557;330
918;431;533;331
941;434;525;332
946;420;502;333
942;413;480;334
925;415;460;335
912;399;431;336
895;379;422;337
898;369;420;338
890;339;413;339
907;341;401;340
895;322;389;341
871;304;381;342
820;294;378;343
833;276;345;344
857;267;331;345
858;248;314;346
871;233;301;347
860;209;316;348
882;210;314;349
893;212;297;350
900;200;288;351
947;191;285;352
1015;191;280;353
1050;180;284;354
1085;177;284;355
1085;162;264;356
1116;171;254;357
1158;168;241;358
1215;154;239;359
1247;165;229;360
1276;175;218;361
1308;195;219;362
1340;194;225;363
1354;193;234;364
1395;201;240;365
1467;216;237;366
1547;216;243;367
1617;225;237;368
1661;236;238;369
1689;241;243;370
1722;245;252;371
1776;258;274;372
1826;266;270;373
1824;276;272;374
1921;287;288;375
1932;281;299;376
2008;297;306;377
2106;301;316;378
2164;314;338;379
2213;335;339;380
2230;330;354;381
2246;338;357;382
2299;356;362;383
2326;360;366;384
2338;374;375;385
2325;390;390;386
2372;394;406;387
2408;394;422;388
2383;396;444;389
2331;421;453;390
2387;423;490;391
2399;423;527;392
2342;424;566;393
2301;426;580;394
2286;460;609;395
2279;483;622;396
2287;513;646;397
2319;512;662;398
2306;508;670;399
2272;524;715;400
2219;539;764;401
2168;541;800;402
2073;544;801;403
2008;532;837;404
2030;549;860;405
1964;559;864;406
1868;568;863;407
1844;588;912;408
1781;607;934;409
1682;615;966;410
1622;624;995;411
1535;653;1022;412
1505;651;1031;413
1433;665;1048;414
1353;671;1095;415
1279;679;1110;416
1203;697;1142;417
1147;696;1130;418
1098;699;1107;419
1017;704;1086;420
968;724;1095;421
940;721;1104;422
895;698;1119;423
886;682;1109;424
838;675;1110;425
839;673;1118;426
825;681;1106;427
801;658;1057;428
769;654;1002;429
770;642;1015;430
731;615;986;431
729;616;962;432
721;617;962;433
701;607;932;434
680;591;901;435
666;574;859;436
668;550;834;437
679;553;803;438
676;534;795;439
699;542;760;440
687;537;725;441
702;522;684;442
703;495;647;443
711;480;615;444
704;480;593;445
704;484;559;446
711;485;532;447
709;468;523;448
755;450;483;449
757;460;466;450
747;444;464;451
771;439;429;452
781;426;397;453
806;416;372;454
810;409;366;455
837;412;360;456
895;418;340;457
896;423;315;458
895;408;319;459
877;401;301;460
880;401;275;461
893;414;267;462
942;408;265;463
954;392;250;464
943;379;242;465
949;378;229;466
935;383;214;467
945;394;214;468
971;410;189;469
975;413;191;470
1012;417;173;471
1007;420;175;472
987;409;165;473
1045;407;157;474
1030;412;153;475
1044;409;146;476
1051;402;151;477
1069;401;135;478
1106;412;125;479
1159;405;138;480
1194;407;138;481
1213;414;127;482
1242;409;126;483
1284;415;135;484
1358;432;133;485
1370;431;147;486
1417;448;158;487
1501;446;157;488
1565;454;166;489
1636;451;167;490
1702;459;161;491
1731;499;166;492
1783;498;185;493
1834;503;198;494
1868;509;195;495
1904;534;188;496
1988;525;184;497
2036;533;189;498
2085;565;190;499
2120;562;195;500
2184;611;201;501
2204;617;206;502
2266;633;209;503
2304;657;220;504
2310;668;221;505
2303;666;224;506
2329;674;244;507
2371;673;243;508
2362;692;267;509
2335;731;276;510
2329;757;280;511
2374;764;297;512
2384;796;305;513
2389;794;307;514
2370;806;311;515
2318;824;322;516
2293;834;338;517
2301;833;351;518
2240;857;377;519
2200;836;376;520
2188;852;370;521
2142;868;374;522
2062;907;395;523
2029;920;426;524
1985;945;434;525
1947;953;440;526
1856;965;458;527
1802;1014;459;528
1772;1004;460;529
1786;984;461;530
1771;980;477;531
1736;1009;499;532
1665;1022;515;533
1662;1039;523;534
1602;1062;525;535
1530;1068;541;536
1506;1090;562;537
1469;1072;563;538
1418;1093;579;539
1366;1103;585;540
1390;1106;614;541
1349;1071;611;542
1333;1090;609;543
1275;1084;616;544
1235;1105;626;545
1230;1110;628;546
1211;1099;659;547
1192;1093;690;548
1200;1105;708;549
1158;1112;702;550
1141;1111;685;551
1157;1108;693;552
1168;1079;709;553
1212;1041;701;554
1195;1010;721;555
1217;985;726;556
1200;960;736;557
1209;939;767;558
1253;922;764;559
1249;880;748;560
1237;861;743;561
1255;812;745;562
1259;776;742;563
1288;725;737;564
1298;683;742;565
1322;653;737;566
1333;633;747;567
1366;598;751;568
1344;568;763;569
1361;541;786;570
1337;512;798;571
1301;487;794;572
1279;483;798;573
1240;458;781;574
1243;451;783;575
1235;441;793;576
1227;442;812;577
1251;422;834;578
1249;405;875;579
1241;409;870;580
1226;408;879;581
1220;412;892;582
1222;414;902;583
1249;405;896;584
1235;415;891;585
1219;404;911;586
1196;404;918;587
1212;408;925;588
1181;403;911;589
1140;408;910;590
1154;408;910;591
1128;404;910;592
1104;403;949;593
1139;429;938;594
1148;448;943;595
1127;470;956;596
1104;478;954;597
1095;494;965;598
1098;489;946;599
1118;503;951;600
1106;518;952;601
1078;540;962;602
1094;553;955;603
1068;553;946;604
1085;566;929;605
1036;571;924;606
1023;574;897;607
1013;585;892;608
988;578;886;609
955;587;877;610
943;616;903;611
931;649;880;612
971;675;861;613
945;692;828;614
915;702;797;615
897;695;799;616
915;722;764;617
909;731;753;618
895;743;717;619
940;753;694;620
936;770;655;621
935;758;632;622
952;755;598;623
953;761;585;624
970;754;567;625
1010;773;553;626
1023;794;532;627
1028;812;497;628
1052;794;473;629
1082;786;441;630
1122;795;438;631
1124;799;413;632
1168;788;402;633
1243;773;420;634
1281;775;412;635
1345;762;395;636
1394;744;382;637
1416;718;364;638
1433;697;342;639
1427;658;323;640
1456;659;310;641
1531;644;304;642
1568;618;287;643
1571;614;266;644
1570;597;257;645
1592;568;256;646
1644;537;246;647
1631;528;248;648
1624;532;254;649
1696;533;247;650
1694;493;242;651
1690;495;251;652
1681;490;244;653
1661;483;246;654
1655;464;262;655
1638;467;260;656
1645;472;262;657
1673;472;264;658
1659;477;259;659
1643;485;271;660
1647;474;265;661
1610;496;264;662
1612;473;265;663
1638;463;275;664
1637;464;270;665
1654;485;273;666
1638;488;289;667
1648;471;319;668
1641;481;331;669
1689;471;333;670
1777;488;362;671
1848;519;372;672
1853;526;380;673
1898;544;383;674
1922;557;404;675
1986;561;419;676
2013;556;430;677
2059;558;444;678
2101;555;442;679
2120;540;447;680
2150;534;479;681
2221;529;482;682
2230;522;489;683
2293;537;527;684
2345;550;554;685
2385;552;584;686
2362;557;619;687
2352;560;642;688
2390;542;662;689
2385;522;679;690
2361;508;689;691
2372;501;722;692
2377;481;740;693
2341;480;779;694
2309;477;802;695
2234;468;847;696
2195;459;869;697
2174;453;914;698
2129;462;925;699
2095;473;948;700
2102;468;969;701
2067;466;975;702
2075;473;967;703
2007;472;965;704
1923;472;980;705
1881;459;1016;706
1837;460;1036;707
1817;490;1081;708
1782;485;1082;709
1772;479;1102;710
1789;469;1069;711
1773;461;1064;712
1741;482;1040;713
1742;494;1050;714
1693;497;1041;715
1700;504;1051;716
1678;516;1048;717
1618;523;1044;718
1597;521;1032;719
1583;564;1030;720
1552;589;1023;721
1546;597;1009;722
1512;590;982;723
1467;611;966;724
1418;625;984;725
1361;636;980;726
1387;635;928;727
1358;662;916;728
1361;658;916;729
1368;676;913;730
1332;700;908;731
1330;726;887;732
1326;735;899;733
1354;755;881;734
1338;750;869;735
1311;767;827;736
1296;785;822;737
1335;797;813;738
1317;793;809;739
1354;824;796;740
1430;826;792;741
1406;850;772;742
1382;848;785;743
1337;849;755;744
1325;851;729;745
1375;853;722;746
1317;842;732;747
1325;830;734;748
1340;835;754;749
1350;828;760;750
1380;805;751;751
1395;807;723;752
1436;798;702;753
1475;802;709;754
1505;791;713;755
1496;769;712;756
1461;760;710;757
1416;749;751;758
1433;739;754;759
1458;711;740;760
1466;707;742;761
1504;701;765;762
1487;701;774;763
1487;670;790;764
1539;668;814;765
1498;660;816;766
1494;650;843;767
1407;634;881;768
1396;616;913;769
1403;623;938;770
1358;620;934;771
1339;611;949;772
1310;585;968;773
1293;553;998;774
1308;562;1021;775
1272;571;1046;776
1264;579;1047;777
1219;589;1059;778
1172;588;1096;779
1177;564;1116;780
1148;568;1121;781
1127;590;1167;782
1100;595;1177;783
1106;603;1209;784
1078;612;1219;785
1041;599;1244;786
1016;631;1256;787
1028;621;1281;788
991;684;1266;789
991;689;1269;790
981;671;1297;791
979;679;1289;792
967;685;1282;793
962;660;1288;794
980;647;1256;795
977;619;1223;796
988;598;1214;797
1004;574;1212;798
1006;569;1226;799
1015;561;1217;800
1033;545;1174;801
1051;533;1149;802
1074;504;1086;803
1055;484;1067;804
1084;463;1067;805
1116;454;1029;806
1122;458;1003;807
1129;420;995;808
1146;391;951;809
1164;394;904;810
1189;377;888;811
1173;370;876;812
1164;361;832;813
1191;364;794;814
1175;353;761;815
1140;351;720;816
1105;357;696;817
1063;359;654;818
1042;388;621;819
1020;398;601;820
1002;396;568;821
959;400;573;822
954;401;557;823
926;418;529;824
901;420;515;825
885;442;482;826
852;447;461;827
853;447;430;828
832;452;414;829
843;444;385;830
845;474;365;831
840;496;336;832
854;506;321;833
865;522;311;834
884;525;300;835
905;543;279;836
889;552;270;837
883;535;251;838
897;535;232;839
917;562;210;840
937;552;199;841
948;544;181;842
925;544;175;843
949;553;169;844
996;550;160;845
1025;544;138;846
1082;543;138;847
1127;560;143;848
1152;573;139;849
1176;563;130;850
1238;571;125;851
1271;566;118;852
1315;581;123;853
1334;569;117;854
1432;570;116;855
1507;561;127;856
1559;560;132;857
1658;559;140;858
1740;532;145;859
1831;527;135;860
1879;530;132;861
1977;513;133;862
2087;507;143;863
2159;510;158;864
2205;506;160;865
2285;493;173;866
2402;461;172;867
2497;457;173;868
2572;460;177;869
2640;453;186;870
2734;453;193;871
2909;443;197;872
2944;432;207;873
2957;424;221;874
2987;408;232;875
2997;407;234;876
3095;408;254;877
3072;398;262;878
3043;377;270;879
3049;386;281;880
3037;381;304;881
2974;405;324;882
2927;424;327;883
2889;417;334;884
2861;428;350;885
2741;453;362;886
2589;466;380;887
2550;471;396;888
2462;487;432;889
2421;509;458;890
2382;543;450;891
2278;562;452;892
2209;599;475;893
2151;637;484;894
2088;651;524;895
2001;687;560;896
1967;705;583;897
1912;727;606;898
1853;752;655;899
1824;764;692;900
1754;791;733;901
1710;825;735;902
1661;858;749;903
1620;878;765;904
1547;897;773;905
1477;924;789;906
1427;956;815;907
1395;983;811;908
1329;1000;810;909
1352;1022;806;910
1293;1033;830;911
1252;1039;820;912
1235;1044;818;913
1237;1045;817;914
1197;1025;828;915
1177;1051;846;916
1148;1067;845;917
1129;1062;896;918
1100;1084;885;919
1054;1053;888;920
1048;1062;915;921
1077;1059;920;922
1067;1054;904;923
1059;1029;897;924
1057;1035;895;925
1049;1020;894;926
1066;1005;886;927
1034;991;887;928
1017;972;903;929
982;956;904;930
961;953;902;931
973;946;908;932
985;930;907;933
1001;908;881;934
1024;867;862;935
988;861;856;936
982;831;865;937
954;820;872;938
887;797;863;939
887;761;857;940
873;754;846;941
902;738;839;942
897;721;830;943
845;677;806;944
813;663;777;945
821;627;747;946
815;591;741;947
830;588;729;948
821;588;715;949
824;562;722;950
842;568;714;951
864;555;715;952
831;531;705;953
837;524;704;954
831;529;714;955
830;517;684;956
840;485;681;957
850;467;668;958
882;463;659;959
877;444;653;960
906;432;644;961
899;415;638;962
947;393;646;963
965;372;638;964
962;347;646;965
989;335;636;966
1016;316;632;967
1027;288;625;968
1036;285;640;969
1028;276;624;970
1036;271;605;971
1056;255;627;972
1086;247;621;973
1092;245;620;974
1152;234;635;975
1202;237;627;976
1235;235;630;977
1234;237;618;978
1272;223;617;979
1317;212;626;980
1359;209;617;981
1491;211;615;982
1561;210;604;983
1590;205;597;984
1646;216;599;985
1662;213;576;986
1734;216;567;987
1776;208;569;988
1785;196;575;989
1801;203;602;990
1866;214;597;991
1939;233;595;992
1999;243;599;993
2076;235;627;994
2109;240;681;995
2166;256;706;996
2156;261;716;997
2152;254;755;998
2168;258;763;999
2216;273;785;1000
2211;283;786;1001
2207;276;802;1002
2256;291;822;1003
2321;299;801;1004
2378;301;833;1005
2366;311;870;1006
2363;328;864;1007
2361;348;839;1008
2430;386;850;1009
2395;407;866;1010
2417;420;869;1011
2404;423;883;1012
2409;459;904;1013
2430;479;935;1014
2396;500;925;1015
2367;543;932;1016
2314;576;941;1017
2233;619;923;1018
2171;647;926;1019
2076;665;949;1020
2005;712;995;1021
1944;750;1014;1022
1860;765;1010;1023
1746;774;1011;1024
1631;822;999;1025
1546;858;1023;1026
1433;899;1049;1027
1314;905;1064;1028
1209;956;1085;1029
1165;987;1089;1030
1140;1008;1105;1031
1067;1039;1097;1032
981;1044;1068;1033
918;1050;1064;1034
846;1081;1050;1035
785;1077;1025;1036
730;1046;1014;1037
683;1047;998;1038
649;1059;964;1039
605;1068;938;1040
546;1057;923;1041
517;1047;893;1042
530;1008;866;1043
515;968;824;1044
477;938;784;1045
472;896;733;1046
455;860;721;1047
434;794;669;1048
424;758;618;1049
425;740;565;1050
404;715;527;1051
439;686;514;1052
441;649;473;1053
431;609;433;1054
453;591;405;1055
454;573;371;1056
447;544;355;1057
433;495;325;1058
416;439;299;1059
415;420;270;1060
422;397;263;1061
420;390;247;1062
434;397;243;1063
436;383;224;1064
467;364;219;1065
458;354;222;1066
474;331;215;1067
473;305;211;1068
477;284;201;1069
468;270;199;1070
471;258;195;1071
480;254;194;1072
485;245;194;1073
531;227;188;1074
534;215;182;1075
555;207;189;1076
586;206;186;1077
623;211;175;1078
641;195;168;1079
662;188;172;1080
666;180;174;1081
692;160;183;1082
698;147;180;1083
749;135;187;1084
751;126;174;1085
819;135;168;1086
836;133;173;1087
855;130;173;1088
929;134;183;1089
971;129;172;1090
1027;124;174;1091
1046;127;183;1092
1061;123;184;1093
1148;122;171;1094
1194;120;172;1095
1224;129;174;1096
1305;128;174;1097
1399;126;182;1098
1477;120;201;1099
1515;130;202;1100
1566;137;218;1101
1657;143;234;1102
1811;140;255;1103
1907;149;270;1104
1981;150;276;1105
2102;157;289;1106
2200;168;300;1107
2272;170;302;1108
2372;178;319;1109
2457;188;333;1110
2571;186;347;1111
2618;195;368;1112
2708;196;382;1113
2848;201;401;1114
2893;206;417;1115
2988;214;433;1116
2997;233;451;1117
3040;245;468;1118
3101;288;487;1119
3108;305;506;1120
3103;306;508;1121
3121;315;565;1122
3067;312;568;1123
2975;342;593;1124
2974;361;623;1125
2932;368;651;1126
2901;393;671;1127
2797;410;689;1128
2771;446;697;1129
2643;503;718;1130
2503;517;729;1131
2454;521;754;1132
2409;556;778;1133
2298;586;786;1134
2235;637;795;1135
2123;643;829;1136
2028;652;839;1137
1970;702;833;1138
1883;768;827;1139
1782;826;820;1140
1746;868;812;1141
1635;900;816;1142
1544;920;831;1143
1442;975;835;1144
1362;1028;819;1145
1297;1072;802;1146
1216;1112;791;1147
1162;1134;775;1148
1121;1154;752;1149
1057;1220;744;1150
989;1288;734;1151
956;1327;704;1152
945;1333;664;1153
896;1342;639;1154
890;1377;625;1155
864;1393;618;1156
852;1395;622;1157
850;1378;598;1158
862;1340;596;1159
885;1315;576;1160
870;1287;583;1161
841;1239;559;1162
828;1210;526;1163
827;1174;539;1164
822;1125;540;1165
846;1059;526;1166
842;1007;526;1167
850;954;529;1168
867;890;512;1169
870;828;495;1170
844;744;494;1171
861;708;490;1172
873;653;495;1173
913;589;493;1174
888;529;484;1175
899;488;475;1176
928;456;485;1177
935;427;464;1178
930;397;447;1179
919;383;438;1180
933;361;436;1181
944;347;421;1182
953;346;421;1183
930;333;407;1184
913;321;405;1185
917;309;414;1186
947;313;397;1187
981;299;384;1188
983;284;383;1189
1012;281;379;1190
1026;293;380;1191
1021;284;375;1192
1014;270;362;1193
1006;280;365;1194
1017;284;373;1195
1044;284;368;1196
1061;296;365;1197
1091;308;389;1198
1085;325;386;1199
1094;315;383;1200
1112;325;386;1201
1131;337;388;1202
1156;345;382;1203
1141;345;385;1204
1158;356;384;1205
1183;362;389;1206
1178;366;406;1207
1210;364;413;1208
1230;393;413;1209
1283;398;402;1210
1331;386;411;1211
1369;396;406;1212
1377;422;402;1213
1365;425;380;1214
1434;427;374;1215
1463;456;377;1216
1496;495;380;1217
1577;506;376;1218
1630;509;361;1219
1697;506;362;1220
1720;510;364;1221
1721;539;347;1222
1708;560;337;1223
1720;561;353;1224
1781;533;340;1225
1820;524;330;1226
1869;529;326;1227
1892;528;326;1228
1927;537;335;1229
1943;555;345;1230
1952;563;345;1231
2010;567;341;1232
2021;557;340;1233
2008;572;336;1234
2002;577;344;1235
2029;601;352;1236
2019;607;367;1237
2050;618;367;1238
2055;636;369;1239
2033;620;363;1240
2071;630;368;1241
2096;648;371;1242
2126;655;384;1243
2130;669;400;1244
2112;651;398;1245
2091;674;394;1246
2143;704;398;1247
2169;711;395;1248
2188;730;411;1249
2219;730;423;1250
2210;751;432;1251
2256;787;430;1252
2294;787;432;1253
2299;798;437;1254
2384;800;444;1255
2341;808;451;1256
2263;827;459;1257
2280;843;484;1258
2267;868;484;1259
2243;878;524;1260
2226;889;543;1261
2241;921;568;1262
2213;933;572;1263
2178;922;601;1264
2092;933;628;1265
2043;931;640;1266
2001;928;659;1267
1903;957;676;1268
1841;1002;708;1269
1788;993;734;1270
1717;1024;764;1271
1713;1034;784;1272
1713;1034;811;1273
1670;1033;864;1274
1584;1026;883;1275
1556;1036;904;1276
1528;1057;909;1277
1474;1050;938;1278
1410;1029;974;1279
1370;993;1011;1280
1320;1007;1013;1281
1284;1027;1050;1282
1220;1032;1049;1283
1208;1028;1063;1284
1110;1032;1083;1285
1055;1014;1107;1286
1017;997;1112;1287
978;966;1120;1288
947;959;1130;1289
938;922;1124;1290
944;957;1166;1291
909;956;1161;1292
879;959;1196;1293
861;939;1182;1294
830;894;1199;1295
779;858;1183;1296
785;821;1173;1297
795;809;1148;1298
802;805;1119;1299
785;783;1097;1300
780;740;1078;1301
743;708;1045;1302
752;704;1013;1303
750;662;1026;1304
723;648;980;1305
727;632;944;1306
720;612;888;1307
714;600;842;1308
700;559;812;1309
709;510;737;1310
711;490;710;1311
681;454;677;1312
671;430;655;1313
646;414;610;1314
640;386;584;1315
627;385;567;1316
617;378;549;1317
613;357;530;1318
610;352;513;1319
649;334;488;1320
642;323;472;1321
639;336;446;1322
659;327;404;1323
670;315;391;1324
663;321;362;1325
684;307;358;1326
669;290;345;1327
682;282;334;1328
697;273;330;1329
724;270;336;1330
777;284;308;1331
778;286;308;1332
821;281;312;1333
862;280;301;1334
901;264;288;1335
911;257;282;1336
933;257;272;1337
967;256;269;1338
968;252;262;1339
1006;266;248;1340
1010;262;249;1341
1065;278;239;1342
1114;290;229;1343
1155;275;236;1344
1173;294;222;1345
1206;297;217;1346
1222;312;209;1347
1262;312;199;1348
1293;307;193;1349
1321;307;192;1350
1374;308;187;1351
1421;304;193;1352
1476;319;188;1353
1531;310;178;1354
1553;314;188;1355
1639;317;194;1356
1677;340;191;1357
1713;328;195;1358
1773;338;207;1359
1868;337;210;1360
1958;340;201;1361
2058;350;202;1362
2100;344;221;1363
2114;339;240;1364
2086;343;246;1365
2085;336;249;1366
2098;328;255;1367
2139;318;261;1368
2181;313;263;1369
2246;312;270;1370
2242;323;297;1371
2197;317;306;1372
2225;313;307;1373
2227;309;304;1374
2294;297;307;1375
2316;284;323;1376
2297;294;340;1377
2260;295;342;1378
2224;295;350;1379
2195;292;367;1380
2205;281;379;1381
2252;276;405;1382
2243;279;434;1383
2242;272;446;1384
2269;279;457;1385
2249;289;474;1386
2221;294;482;1387
2183;290;516;1388
2173;281;539;1389
2146;284;545;1390
2151;282;557;1391
2154;278;567;1392
2131;266;590;1393
2134;266;611;1394
2162;292;618;1395
2135;294;643;1396
2064;294;671;1397
2035;315;693;1398
2062;317;693;1399
2042;321;717;1400
2003;318;732;1401
1979;320;751;1402
1945;322;750;1403
1925;317;768;1404
1877;308;759;1405
1831;314;804;1406
1790;338;815;1407
1721;352;831;1408
1678;400;857;1409
1602;406;872;1410
1647;433;899;1411
1596;439;909;1412
1538;468;933;1413
1476;472;957;1414
1467;486;948;1415
1401;506;958;1416
1357;504;965;1417
1355;515;1010;1418
1339;539;1018;1419
1329;576;1012;1420
1327;597;1002;1421
1311;623;991;1422
1266;637;975;1423
1246;664;961;1424
1237;689;951;1425
1232;697;940;1426
1263;717;971;1427
1230;748;943;1428
1222;771;919;1429
1219;801;885;1430
1206;829;853;1431
1208;855;820;1432
1209;875;795;1433
1215;873;772;1434
1208;863;753;1435
1226;866;721;1436
1240;844;673;1437
1285;843;641;1438
1312;821;611;1439
1308;804;595;1440
1300;776;576;1441
1320;759;551;1442
1306;751;548;1443
1290;722;519;1444
1297;734;486;1445
1307;722;420;1446
1358;700;414;1447
1335;688;395;1448
1360;657;383;1449
1361;640;360;1450
1343;613;355;1451
1329;607;334;1452
1374;621;324;1453
1343;601;298;1454
1376;578;300;1455
1364;588;296;1456
1380;588;312;1457
1353;593;324;1458
1375;574;328;1459
1345;567;346;1460
1334;579;357;1461
1338;592;365;1462
1333;597;357;1463
1322;596;376;1464
1325;584;387;1465
1344;569;399;1466
1337;584;411;1467
1346;588;411;1468
1315;604;406;1469
1292;601;403;1470
1337;595;393;1471
1335;597;398;1472
1370;595;405;1473
1407;602;421;1474
1406;604;414;1475
1437;598;418;1476
1423;609;423;1477
1436;646;421;1478
1510;667;431;1479
1602;668;452;1480
1667;660;465;1481
1736;664;476;1482
1799;661;473;1483
1853;688;484;1484
1887;715;468;1485
1926;717;484;1486
1935;727;507;1487
1958;739;518;1488
2037;728;525;1489
2059;724;544;1490
2046;711;563;1491
2101;717;575;1492
2178;752;587;1493
2177;752;603;1494
2218;757;632;1495
2234;757;642;1496
2252;749;663;1497
2210;742;664;1498
2207;738;660;1499
2204;765;664;1500
2196;790;679;1501
2229;809;699;1502
2246;831;732;1503
2209;825;743;1504
2227;865;751;1505
2208;868;763;1506
2148;869;770;1507
2105;863;791;1508
2059;859;808;1509
2027;898;810;1510
2002;919;829;1511
1938;906;833;1512
1922;911;845;1513
1895;956;870;1514
1847;985;876;1515
1787;1024;856;1516
1711;1019;866;1517
1619;1061;868;1518
1574;1061;866;1519
1492;1062;868;1520
1463;1077;894;1521
1403;1106;924;1522
1332;1120;929;1523
1277;1155;934;1524
1197;1152;960;1525
1169;1169;983;1526
1083;1153;1004;1527
1013;1125;1015;1528
972;1103;1045;1529
962;1051;1067;1530
941;1038;1085;1531
918;1057;1105;1532
877;1034;1119;1533
839;1014;1113;1534
811;968;1121;1535
793;954;1115;1536
746;917;1130;1537
744;880;1144;1538
712;833;1133;1539
690;810;1109;1540
676;765;1067;1541
685;749;1068;1542
695;707;1071;1543
686;682;1072;1544
718;633;1079;1545
722;600;1062;1546
733;592;1047;1547
711;565;1017;1548
713;532;968;1549
700;492;936;1550
754;446;928;1551
741;428;896;1552
754;402;896;1553
747;398;884;1554
745;375;867;1555
759;360;811;1556
784;363;754;1557
774;364;710;1558
774;344;699;1559
770;333;691;1560
774;319;693;1561
797;301;669;1562
809;293;632;1563
846;275;583;1564
864;288;568;1565
885;278;546;1566
874;271;537;1567
891;272;524;1568
900;259;511;1569
887;253;485;1570
916;240;465;1571
906;233;442;1572
954;244;423;1573
967;256;418;1574
991;262;426;1575
1023;260;403;1576
1023;276;392;1577
1038;273;377;1578
1073;265;357;1579
1073;265;335;1580
1077;278;317;1581
1115;275;294;1582
1162;275;299;1583
1235;269;295;1584
1308;267;291;1585
1340;282;275;1586
1391;297;268;1587
1423;305;260;1588
1465;303;245;1589
1518;305;241;1590
1559;322;240;1591
1639;330;236;1592
1695;335;237;1593
1713;353;225;1594
1766;353;220;1595
1820;340;228;1596
1880;345;218;1597
1922;345;216;1598
1968;374;207;1599
1988;377;206;1600
2079;376;202;1601
2139;385;192;1602
2206;402;192;1603
2250;411;202;1604
2307;412;193;1605
2334;426;180;1606
2326;441;172;1607
2328;442;176;1608
2383;453;179;1609
2411;463;176;1610
2426;476;178;1611
2451;495;172;1612
2501;505;172;1613
2504;513;188;1614
2516;523;195;1615
2536;526;202;1616
2508;547;199;1617
2504;564;209;1618
2458;582;214;1619
2437;585;223;1620
2392;598;228;1621
2336;603;230;1622
2284;615;230;1623
2238;615;244;1624
2178;606;255;1625
2147;629;253;1626
2087;634;252;1627
1983;639;257;1628
1980;664;270;1629
1905;690;286;1630
1885;686;297;1631
1820;677;300;1632
1739;684;322;1633
1657;679;320;1634
1597;693;337;1635
1523;717;340;1636
1493;742;360;1637
1480;753;374;1638
1465;757;373;1639
1495;775;398;1640
1465;761;396;1641
1472;767;409;1642
1464;779;413;1643
1436;775;421;1644
1423;783;425;1645
1409;782;449;1646
1405;756;464;1647
1396;737;483;1648
1431;738;488;1649
1450;752;486;1650
1448;747;497;1651
1483;751;501;1652
1463;772;516;1653
1453;785;542;1654
1461;771;545;1655
1486;738;561;1656
1488;703;556;1657
1526;677;572;1658
1550;673;578;1659
1555;656;584;1660
1545;666;582;1661
1521;677;586;1662
1525;663;620;1663
1514;651;632;1664
1508;649;628;1665
1519;654;627;1666
1494;641;621;1667
1493;635;634;1668
1470;623;660;1669
1509;610;662;1670
1486;608;659;1671
1475;605;670;1672
1488;589;666;1673
1491;587;678;1674
1452;580;674;1675
1418;571;698;1676
1387;575;702;1677
1407;571;703;1678
1390;592;693;1679
1381;584;698;1680
1386;577;697;1681
1494;585;720;1682
1489;557;724;1683
1496;571;712;1684
1400;569;705;1685
1419;590;704;1686
1440;613;687;1687
1488;607;690;1688
1496;609;685;1689
1518;607;705;1690
1557;604;672;1691
1637;628;676;1692
1637;636;662;1693
1639;649;647;1694
1679;652;634;1695
1715;686;632;1696
1686;704;606;1697
1750;701;609;1698
1710;705;606;1699
1688;719;619;1700
1686;763;637;1701
1684;768;637;1702
1628;786;616;1703
1602;801;609;1704
1637;819;610;1705
1643;850;601;1706
1584;898;597;1707
1580;928;604;1708
1541;939;574;1709
1599;953;574;1710
1561;971;570;1711
1559;980;577;1712
1515;986;569;1713
1496;1011;571;1714
1489;1015;554;1715
1466;1045;542;1716
1453;1067;555;1717
1398;1079;558;1718
1366;1068;561;1719
1387;1053;535;1720
1411;1083;539;1721
1398;1101;534;1722
1379;1090;535;1723
1368;1127;521;1724
1351;1139;525;1725
1336;1143;532;1726
1318;1140;522;1727
1325;1162;504;1728
1292;1177;484;1729
1302;1201;491;1730
1296;1215;495;1731
1308;1206;501;1732
1319;1191;499;1733
1320;1158;514;1734
1299;1154;525;1735
1300;1143;535;1736
1238;1133;528;1737
1214;1142;553;1738
1161;1131;550;1739
1154;1132;556;1740
1171;1100;576;1741
1137;1076;594;1742
1131;1056;645;1743
1105;1060;655;1744
1085;1062;668;1745
1073;1063;673;1746
1008;1066;663;1747
985;1070;683;1748
966;1080;684;1749
967;1086;703;1750
957;1094;712;1751
912;1110;747;1752
886;1090;746;1753
894;1051;767;1754
885;1025;776;1755
900;975;782;1756
904;958;773;1757
909;983;768;1758
931;961;776;1759
948;942;769;1760
960;957;779;1761
932;951;753;1762
914;904;765;1763
909;886;760;1764
896;877;772;1765
910;895;769;1766
898;864;748;1767
893;840;722;1768
897;845;709;1769
896;838;677;1770
904;803;661;1771
920;789;638;1772
926;797;613;1773
923;772;610;1774
949;768;602;1775
935;751;581;1776
942;724;556;1777
950;711;534;1778
984;709;532;1779
1003;701;508;1780
1039;697;508;1781
1079;693;478;1782
1090;681;448;1783
1107;670;431;1784
1088;638;419;1785
1096;617;404;1786
1104;631;410;1787
1131;607;398;1788
1157;580;392;1789
1194;567;379;1790
1232;558;365;1791
1249;577;358;1792
1258;568;348;1793
1270;544;341;1794
1263;558;341;1795
1293;582;373;1796
1344;575;410;1797
1340;569;410;1798
1376;562;421;1799
1400;561;431;1800
1442;552;438;1801
1456;553;462;1802
1475;573;460;1803
1468;586;458;1804
1454;591;466;1805
1494;589;484;1806
1511;570;499;1807
1527;589;492;1808
1556;597;511;1809
1614;594;518;1810
1661;628;536;1811
1661;618;550;1812
1680;610;556;1813
1683;588;547;1814
1726;580;538;1815
1727;568;549;1816
1775;576;563;1817
1817;615;589;1818
1879;624;584;1819
1938;648;605;1820
1979;674;614;1821
1953;672;613;1822
1970;661;621;1823
1979;679;616;1824
1977;682;616;1825
1989;693;629;1826
2005;691;637;1827
2030;705;634;1828
2023;703;620;1829
2019;703;615;1830
1909;717;644;1831
1910;711;649;1832
1840;709;664;1833
1791;705;666;1834
1717;698;679;1835
1701;701;687;1836
1662;680;668;1837
1653;666;670;1838
1591;650;671;1839
1551;634;680;1840
1503;627;674;1841
1446;622;679;1842
1388;610;661;1843
1348;604;652;1844
1262;599;628;1845
1221;586;622;1846
1195;554;605;1847
1137;530;616;1848
1112;523;615;1849
1134;498;577;1850
1127;480;563;1851
1088;466;522;1852
1086;449;513;1853
1090;447;486;1854
1075;441;494;1855
1070;437;482;1856
1060;431;480;1857
1068;414;454;1858
1099;406;448;1859
1124;404;451;1860
1164;383;438;1861
1215;381;444;1862
1232;382;434;1863
1278;374;412;1864
1343;368;411;1865
1360;370;395;1866
1338;374;372;1867
1381;378;351;1868
1432;402;344;1869
1486;402;342;1870
1494;394;337;1871
1582;413;333;1872
1590;410;330;1873
1654;407;325;1874
1702;408;328;1875
1720;426;328;1876
1768;427;332;1877
1844;444;314;1878
1846;443;317;1879
1969;452;304;1880
2044;468;317;1881
2084;468;310;1882
2086;502;307;1883
2126;530;313;1884
2135;549;313;1885
2172;571;326;1886
2206;591;348;1887
2237;620;350;1888
2280;639;350;1889
2326;661;351;1890
2404;692;350;1891
2375;749;357;1892
2301;774;370;1893
2319;792;391;1894
2288;806;393;1895
2236;823;384;1896
2246;836;399;1897
2188;886;397;1898
2208;939;405;1899
2128;951;398;1900
2047;988;398;1901
2033;1010;390;1902
1987;1059;377;1903
1926;1078;389;1904
1852;1087;391;1905
1785;1112;399;1906
1771;1154;396;1907
1736;1195;391;1908
1687;1227;411;1909
1690;1243;429;1910
1708;1254;445;1911
1688;1266;444;1912
1728;1299;449;1913
1716;1325;444;1914
1628;1354;439;1915
1598;1332;459;1916
1527;1362;447;1917
1496;1343;449;1918
1443;1332;466;1919
1382;1279;456;1920
1328;1255;455;1921
1293;1255;455;1922
1274;1237;462;1923
1269;1223;467;1924
1208;1200;465;1925
1159;1138;459;1926
1098;1085;466;1927
1003;1052;462;1928
959;1038;476;1929
910;996;479;1930
877;940;489;1931
845;894;489;1932
821;851;505;1933
818;798;504;1934
777;769;495;1935
724;704;502;1936
727;660;492;1937
704;601;477;1938
665;590;456;1939
630;545;439;1940
591;505;417;1941
573;469;413;1942
556;467;385;1943
603;457;388;1944
628;438;373;1945
624;412;361;1946
635;389;356;1947
632;377;351;1948
644;337;343;1949
642;326;327;1950
651;323;306;1951
652;299;309;1952
674;286;291;1953
703;279;288;1954
715;271;293;1955
713;252;287;1956
726;235;282;1957
780;227;271;1958
801;233;286;1959
802;218;285;1960
832;217;282;1961
880;196;279;1962
925;187;258;1963
947;196;257;1964
991;184;259;1965
1005;175;262;1966
1031;184;268;1967
1051;188;280;1968
1102;181;283;1969
1131;179;277;1970
1187;177;285;1971
1212;167;292;1972
1239;167;298;1973
1251;163;304;1974
1282;157;312;1975
1276;155;322;1976
1327;158;325;1977
1397;140;319;1978
1456;149;323;1979
1513;142;319;1980
1504;140;349;1981
1587;144;361;1982
1610;142;361;1983
1629;149;387;1984
1654;145;391;1985
1656;140;387;1986
1738;146;402;1987
1770;151;407;1988
1813;144;457;1989
1832;147;452;1990
1858;138;472;1991
1877;152;489;1992
1904;155;524;1993
1933;160;532;1994
1959;156;543;1995
2008;163;565;1996
2040;164;610;1997
2072;174;614;1998
2072;180;635;1999
