prey;predator;dzik;iteration
1159;226;196;0
1124;224;196;1
1084;222;196;2
1071;221;196;3
1052;217;196;4
1108;214;196;5
1249;213;196;6
1410;215;198;7
1530;214;198;8
1652;223;198;9
1746;223;198;10
1838;227;206;11
1908;240;207;12
1949;257;218;13
1991;259;223;14
2106;276;229;15
2168;281;229;16
2235;315;259;17
2268;310;264;18
2373;331;254;19
2463;363;266;20
2607;392;286;21
2688;420;296;22
2823;438;314;23
2911;441;322;24
2953;458;319;25
3082;472;322;26
3142;461;296;27
3150;484;312;28
3246;505;334;29
3277;531;342;30
3277;541;351;31
3258;560;354;32
3311;597;363;33
3260;635;374;34
3191;656;400;35
3143;708;421;36
3120;723;437;37
3104;756;453;38
3018;775;455;39
2965;788;470;40
2864;843;488;41
2718;909;493;42
2616;968;504;43
2521;990;523;44
2382;1010;523;45
2305;1034;530;46
2256;1087;558;47
2141;1105;564;48
2049;1148;573;49
1992;1144;575;50
1909;1207;589;51
1832;1228;588;52
1721;1246;582;53
1656;1293;579;54
1599;1318;583;55
1471;1386;599;56
1451;1407;604;57
1388;1408;596;58
1309;1416;608;59
1285;1419;627;60
1264;1487;617;61
1219;1499;603;62
1177;1543;609;63
1137;1519;625;64
1108;1564;642;65
1077;1604;642;66
1034;1632;633;67
985;1635;632;68
972;1633;639;69
963;1608;638;70
934;1606;619;71
889;1601;622;72
870;1619;630;73
858;1611;593;74
841;1590;602;75
813;1596;596;76
792;1570;581;77
769;1548;558;78
725;1499;560;79
720;1474;560;80
696;1492;552;81
680;1424;527;82
675;1377;518;83
661;1318;511;84
652;1311;490;85
639;1267;470;86
645;1233;451;87
646;1177;451;88
651;1164;449;89
638;1118;424;90
628;1074;412;91
628;1004;383;92
638;952;377;93
652;902;376;94
660;847;364;95
669;796;363;96
659;775;346;97
644;764;349;98
652;710;332;99
653;647;326;100
657;643;323;101
678;617;323;102
707;589;329;103
707;570;329;104
706;552;325;105
714;527;329;106
717;511;332;107
741;465;340;108
723;433;349;109
756;422;343;110
769;394;335;111
807;380;348;112
813;372;340;113
830;370;356;114
826;372;388;115
892;358;387;116
899;337;389;117
906;333;413;118
910;325;412;119
938;306;437;120
954;302;428;121
983;297;448;122
979;286;453;123
1000;276;456;124
1051;281;462;125
1051;282;460;126
1037;290;469;127
1047;292;481;128
1054;280;480;129
1094;275;500;130
1100;254;508;131
1150;245;523;132
1121;241;544;133
1144;242;550;134
1128;249;553;135
1181;244;552;136
1198;264;554;137
1187;266;550;138
1239;266;545;139
1243;259;570;140
1226;254;614;141
1252;241;628;142
1235;247;651;143
1240;236;673;144
1285;241;677;145
1323;238;686;146
1366;239;710;147
1405;234;740;148
1438;225;761;149
1483;246;769;150
1497;244;771;151
1532;241;776;152
1506;223;790;153
1509;219;799;154
1518;220;811;155
1621;230;830;156
1652;245;841;157
1653;247;844;158
1657;259;840;159
1678;269;840;160
1702;286;822;161
1756;309;840;162
1757;334;873;163
1827;346;881;164
1894;331;895;165
1945;339;886;166
1948;348;877;167
1961;366;854;168
1963;375;864;169
1984;380;861;170
1964;387;829;171
1996;399;835;172
2070;395;844;173
2076;412;841;174
2084;428;827;175
2073;426;814;176
2069;427;806;177
2093;440;814;178
2045;453;787;179
1991;460;766;180
1974;482;731;181
1934;508;700;182
1875;529;673;183
1847;546;660;184
1816;561;654;185
1796;580;642;186
1791;599;642;187
1706;621;629;188
1595;605;614;189
1522;611;606;190
1468;631;604;191
1364;645;592;192
1340;665;574;193
1315;713;566;194
1234;729;561;195
1190;723;537;196
1130;722;533;197
1076;738;516;198
1023;743;506;199
994;758;485;200
967;771;491;201
953;782;516;202
951;798;505;203
944;803;527;204
930;786;512;205
923;800;534;206
926;800;543;207
937;802;534;208
971;782;526;209
962;756;526;210
943;745;527;211
967;729;526;212
993;716;526;213
1009;693;536;214
1006;684;535;215
1041;680;543;216
1079;658;541;217
1099;635;539;218
1093;620;527;219
1127;595;539;220
1151;554;514;221
1178;519;524;222
1214;491;508;223
1247;491;517;224
1246;461;509;225
1316;440;513;226
1352;426;526;227
1372;404;534;228
1421;406;542;229
1519;421;564;230
1563;408;559;231
1622;400;572;232
1662;388;570;233
1767;377;571;234
1846;358;581;235
1851;350;593;236
1839;346;595;237
1890;341;610;238
1990;328;632;239
2046;329;641;240
2062;328;652;241
2077;309;652;242
2131;288;655;243
2185;309;684;244
2217;306;712;245
2259;295;724;246
2284;288;741;247
2288;295;776;248
2286;285;786;249
2320;277;814;250
2317;279;830;251
2321;298;875;252
2298;284;896;253
2303;289;933;254
2292;291;962;255
2293;301;993;256
2227;304;989;257
2208;332;1043;258
2214;348;1055;259
2240;344;1085;260
2174;344;1128;261
2167;353;1142;262
2123;358;1179;263
2100;365;1240;264
2063;374;1252;265
2012;374;1290;266
1945;391;1334;267
1913;410;1329;268
1901;432;1394;269
1845;433;1398;270
1831;431;1403;271
1755;431;1407;272
1636;451;1429;273
1620;467;1464;274
1580;485;1462;275
1520;490;1499;276
1451;491;1501;277
1423;488;1502;278
1405;514;1517;279
1408;559;1507;280
1377;578;1526;281
1363;574;1498;282
1336;557;1494;283
1280;556;1476;284
1262;575;1458;285
1253;565;1430;286
1214;582;1455;287
1243;588;1445;288
1190;612;1448;289
1167;622;1426;290
1120;640;1398;291
1122;660;1393;292
1078;690;1356;293
1030;684;1345;294
1014;664;1270;295
986;678;1219;296
967;684;1193;297
949;682;1151;298
916;679;1161;299
894;661;1147;300
860;664;1120;301
811;684;1100;302
768;687;1113;303
748;676;1106;304
729;685;1097;305
695;706;1061;306
660;702;1027;307
653;683;1009;308
612;676;1014;309
594;656;1001;310
561;640;982;311
544;615;981;312
526;604;961;313
488;596;932;314
458;573;918;315
454;553;899;316
462;549;883;317
455;513;857;318
446;499;815;319
465;460;789;320
475;435;768;321
471;416;752;322
476;393;732;323
482;359;712;324
499;334;681;325
490;312;648;326
512;298;637;327
546;287;614;328
561;278;584;329
579;245;554;330
608;228;515;331
628;209;502;332
634;182;485;333
669;163;459;334
686;137;441;335
754;127;401;336
790;118;379;337
838;116;376;338
863;106;362;339
880;101;353;340
892;96;337;341
933;92;350;342
959;86;331;343
994;69;327;344
1055;67;336;345
1130;58;329;346
1200;52;332;347
1249;44;330;348
1329;43;331;349
1396;45;330;350
1451;39;335;351
1478;36;334;352
1604;34;328;353
1658;32;347;354
1732;31;367;355
1815;30;363;356
1913;29;377;357
1973;32;395;358
2084;30;397;359
2115;30;400;360
2141;27;410;361
2153;27;429;362
2226;27;444;363
2262;18;442;364
2297;21;444;365
2282;20;456;366
2359;20;480;367
2383;20;486;368
2382;14;486;369
2417;19;497;370
2422;18;500;371
2408;18;524;372
2334;18;541;373
2322;17;552;374
2321;17;567;375
2298;17;580;376
2301;21;594;377
2313;21;608;378
2240;21;604;379
2217;27;631;380
2202;26;641;381
2147;26;640;382
2092;26;652;383
2047;32;653;384
2004;35;652;385
1991;33;669;386
1943;33;673;387
1944;36;670;388
1890;35;679;389
1874;35;682;390
1847;35;723;391
1837;33;723;392
1829;30;731;393
1845;34;743;394
1869;34;746;395
1857;34;745;396
1867;33;749;397
1850;40;748;398
1861;46;738;399
1839;48;742;400
1796;48;746;401
1763;57;746;402
1705;56;750;403
1715;55;742;404
1675;55;758;405
1699;56;749;406
1627;61;760;407
1665;68;769;408
1678;66;788;409
1679;64;782;410
1662;61;789;411
1672;59;800;412
1663;62;812;413
1666;77;789;414
1648;74;779;415
1649;74;785;416
1684;72;779;417
1649;75;800;418
1742;80;801;419
1789;78;806;420
1817;76;785;421
1791;75;792;422
1788;78;813;423
1808;84;786;424
1817;88;811;425
1781;87;798;426
1795;85;805;427
1832;99;799;428
1881;97;819;429
1883;98;859;430
1893;94;865;431
1870;98;862;432
1816;103;898;433
1789;111;897;434
1767;107;905;435
1744;117;905;436
1694;123;911;437
1718;130;957;438
1773;134;980;439
1715;145;983;440
1705;145;1000;441
1702;138;1035;442
1681;135;1070;443
1660;140;1083;444
1680;158;1113;445
1658;158;1111;446
1658;156;1136;447
1649;169;1168;448
1638;166;1193;449
1664;183;1245;450
1689;188;1258;451
1680;201;1304;452
1678;202;1342;453
1618;208;1369;454
1630;207;1380;455
1595;203;1393;456
1598;209;1420;457
1619;215;1462;458
1627;232;1493;459
1630;250;1551;460
1562;254;1559;461
1497;254;1576;462
1480;275;1609;463
1441;272;1659;464
1418;267;1652;465
1372;280;1647;466
1349;291;1684;467
1295;287;1712;468
1267;280;1708;469
1241;285;1705;470
1204;285;1682;471
1139;289;1704;472
1104;309;1688;473
1076;318;1658;474
1032;325;1649;475
969;348;1627;476
967;357;1613;477
925;358;1616;478
932;362;1574;479
907;354;1563;480
883;365;1552;481
870;361;1530;482
878;364;1500;483
869;354;1507;484
871;354;1517;485
854;350;1476;486
852;357;1442;487
845;349;1397;488
820;364;1372;489
791;367;1372;490
801;377;1318;491
779;381;1290;492
777;390;1251;493
752;393;1227;494
765;390;1184;495
799;387;1142;496
790;383;1100;497
758;384;1066;498
763;400;1031;499
762;396;996;500
781;395;974;501
777;397;952;502
798;390;923;503
827;378;890;504
828;379;849;505
828;380;803;506
857;386;762;507
879;394;721;508
939;396;693;509
931;384;690;510
925;389;671;511
948;401;625;512
964;435;633;513
967;452;635;514
984;454;601;515
978;454;586;516
970;451;575;517
965;444;575;518
940;450;563;519
949;443;576;520
968;446;583;521
944;459;574;522
944;503;567;523
956;514;582;524
983;508;622;525
993;506;612;526
991;497;588;527
1023;500;584;528
1034;489;565;529
1044;489;565;530
1090;485;571;531
1084;477;558;532
1108;475;578;533
1117;484;571;534
1138;494;580;535
1174;499;570;536
1191;495;553;537
1218;500;554;538
1227;484;566;539
1302;457;560;540
1307;448;547;541
1339;429;561;542
1353;416;568;543
1369;425;565;544
1383;413;591;545
1412;401;590;546
1481;395;594;547
1444;387;598;548
1455;372;584;549
1534;375;601;550
1550;367;612;551
1565;361;600;552
1602;354;614;553
1652;358;618;554
1677;339;633;555
1710;344;643;556
1721;330;672;557
1744;334;669;558
1793;363;709;559
1772;348;728;560
1780;341;738;561
1800;326;762;562
1845;338;819;563
1892;340;816;564
1875;340;853;565
1866;342;895;566
1894;350;917;567
1889;373;972;568
1916;378;976;569
1934;363;994;570
1916;371;1018;571
1906;384;1051;572
1919;382;1075;573
1959;372;1079;574
1936;399;1111;575
1872;421;1128;576
1879;428;1169;577
1923;446;1220;578
1866;447;1258;579
1874;464;1309;580
1867;459;1340;581
1859;445;1369;582
1835;448;1395;583
1787;444;1432;584
1764;447;1503;585
1739;440;1534;586
1712;430;1602;587
1714;437;1628;588
1691;446;1653;589
1654;468;1675;590
1619;474;1646;591
1579;472;1726;592
1531;465;1749;593
1468;463;1801;594
1370;431;1792;595
1348;435;1795;596
1300;442;1828;597
1234;451;1822;598
1191;442;1827;599
1122;440;1849;600
1062;453;1873;601
1045;454;1873;602
1001;467;1861;603
977;474;1823;604
936;478;1781;605
881;474;1743;606
844;492;1714;607
799;497;1690;608
780;497;1666;609
783;507;1652;610
760;516;1593;611
745;533;1542;612
728;532;1483;613
711;534;1422;614
680;514;1384;615
645;509;1333;616
622;504;1286;617
593;495;1251;618
579;496;1173;619
574;501;1095;620
556;495;1034;621
554;507;958;622
520;503;924;623
482;492;872;624
489;495;810;625
464;478;764;626
434;458;703;627
423;444;661;628
424;449;647;629
425;437;603;630
413;424;569;631
414;407;542;632
409;402;519;633
395;385;485;634
411;358;456;635
428;343;441;636
439;325;384;637
441;313;372;638
468;300;355;639
498;281;315;640
526;262;293;641
525;253;287;642
532;235;280;643
539;218;274;644
552;209;272;645
562;199;277;646
582;186;274;647
591;160;251;648
626;150;239;649
628;142;226;650
629;136;218;651
650;133;210;652
657;126;213;653
710;127;200;654
761;118;199;655
781;114;184;656
821;109;174;657
866;101;173;658
902;95;169;659
927;96;163;660
951;89;162;661
988;90;170;662
1057;87;163;663
1096;83;161;664
1157;78;156;665
1219;71;148;666
1314;69;158;667
1377;64;157;668
1438;60;171;669
1500;57;187;670
1539;48;197;671
1619;44;197;672
1667;39;204;673
1734;37;214;674
1828;35;212;675
1846;33;220;676
1945;34;224;677
1991;31;239;678
2051;29;253;679
2045;29;256;680
2089;27;257;681
2083;26;263;682
2112;25;273;683
2209;31;289;684
2265;34;317;685
2330;32;329;686
2311;32;327;687
2309;31;351;688
2296;27;367;689
2289;26;380;690
2290;31;389;691
2330;31;412;692
2382;33;432;693
2387;36;457;694
2490;36;456;695
2447;40;458;696
2472;45;483;697
2452;43;487;698
2472;48;506;699
2473;48;543;700
2493;47;581;701
2469;52;587;702
2448;51;607;703
2440;52;629;704
2436;60;645;705
2370;59;665;706
2337;59;685;707
2267;57;697;708
2165;57;757;709
2098;55;793;710
2102;64;819;711
2046;71;836;712
2022;69;846;713
1950;69;894;714
1939;73;956;715
1861;78;1000;716
1856;82;1012;717
1809;91;1030;718
1774;94;1056;719
1728;97;1081;720
1654;98;1119;721
1649;99;1155;722
1618;115;1181;723
1551;113;1185;724
1524;117;1204;725
1521;136;1244;726
1448;135;1268;727
1403;140;1250;728
1379;145;1268;729
1325;146;1279;730
1306;156;1322;731
1294;170;1349;732
1257;164;1322;733
1242;171;1294;734
1245;168;1302;735
1213;162;1303;736
1173;166;1285;737
1134;179;1266;738
1138;170;1244;739
1112;196;1226;740
1108;196;1183;741
1061;196;1154;742
1073;211;1130;743
1047;227;1107;744
1062;222;1082;745
1068;220;1043;746
1071;222;1032;747
1071;230;970;748
1088;228;950;749
1087;230;911;750
1056;225;873;751
1086;216;870;752
1110;224;857;753
1129;222;824;754
1136;226;800;755
1179;226;782;756
1154;216;740;757
1138;212;750;758
1188;199;713;759
1215;203;713;760
1233;202;687;761
1261;221;660;762
1261;212;645;763
1226;217;638;764
1243;213;629;765
1200;203;626;766
1221;187;611;767
1242;182;606;768
1235;173;604;769
1236;176;617;770
1258;173;619;771
1238;156;619;772
1253;150;617;773
1196;147;640;774
1207;139;636;775
1179;128;640;776
1165;129;611;777
1163;117;625;778
1168;112;618;779
1126;106;615;780
1144;83;624;781
1140;87;620;782
1111;83;608;783
1109;80;634;784
1122;85;629;785
1113;80;616;786
1106;83;617;787
1142;81;618;788
1124;84;624;789
1110;85;653;790
1125;98;675;791
1141;105;670;792
1138;105;667;793
1152;102;699;794
1145;99;741;795
1160;101;738;796
1185;95;732;797
1192;89;756;798
1207;97;773;799
1205;106;777;800
1216;110;792;801
1250;114;802;802
1247;117;808;803
1225;120;818;804
1268;126;828;805
1295;140;834;806
1313;143;851;807
1343;152;897;808
1398;168;914;809
1385;168;912;810
1379;172;929;811
1407;183;937;812
1432;184;947;813
1458;195;963;814
1428;189;971;815
1412;194;969;816
1458;201;949;817
1513;193;954;818
1548;184;946;819
1549;189;946;820
1559;200;956;821
1610;213;961;822
1682;222;954;823
1699;238;963;824
1686;256;969;825
1726;255;970;826
1763;249;967;827
1804;247;968;828
1795;258;947;829
1777;266;937;830
1786;281;958;831
1839;289;957;832
1859;280;959;833
1858;302;958;834
1884;308;984;835
1937;316;986;836
1954;308;1018;837
1970;313;1031;838
1966;317;1057;839
1954;335;1068;840
1969;342;1085;841
1982;343;1120;842
1951;335;1157;843
1913;336;1202;844
1927;370;1235;845
1965;368;1261;846
1964;375;1288;847
1959;368;1314;848
1939;372;1334;849
1925;359;1395;850
1850;367;1422;851
1807;379;1460;852
1743;375;1497;853
1724;395;1517;854
1729;395;1543;855
1697;405;1572;856
1652;405;1627;857
1588;417;1665;858
1540;409;1697;859
1480;408;1695;860
1421;421;1705;861
1345;414;1709;862
1327;411;1705;863
1289;381;1741;864
1227;375;1744;865
1191;380;1768;866
1142;384;1806;867
1084;374;1807;868
1039;381;1780;869
980;393;1778;870
939;382;1770;871
927;370;1741;872
886;352;1728;873
839;340;1764;874
797;332;1729;875
748;314;1721;876
718;306;1670;877
715;289;1686;878
666;278;1675;879
648;253;1620;880
609;243;1609;881
595;225;1627;882
568;219;1564;883
538;234;1549;884
544;219;1492;885
530;205;1446;886
530;199;1426;887
518;184;1410;888
496;158;1372;889
486;164;1336;890
476;153;1285;891
436;144;1239;892
421;132;1166;893
395;127;1135;894
404;131;1133;895
408;122;1096;896
419;121;1063;897
412;109;1022;898
431;105;1002;899
425;98;958;900
432;93;894;901
426;86;867;902
431;79;831;903
449;77;802;904
452;70;737;905
449;67;728;906
470;62;687;907
483;61;645;908
490;58;609;909
503;60;565;910
502;51;532;911
539;43;510;912
553;39;473;913
568;34;435;914
557;35;418;915
586;30;394;916
620;27;378;917
628;23;349;918
651;22;338;919
656;24;323;920
696;24;313;921
749;23;281;922
755;21;265;923
792;20;252;924
837;18;236;925
897;17;215;926
953;17;211;927
1002;17;202;928
1042;17;215;929
1117;17;216;930
1152;17;213;931
1213;21;214;932
1288;23;211;933
1392;21;205;934
1479;27;205;935
1573;24;194;936
1613;23;210;937
1705;22;210;938
1789;22;211;939
1858;22;211;940
1951;22;215;941
1991;23;229;942
2119;21;233;943
2234;26;238;944
2340;26;242;945
2404;26;247;946
2509;29;248;947
2593;28;244;948
2712;28;271;949
2816;33;294;950
2900;33;299;951
2908;33;305;952
3003;33;313;953
3096;33;324;954
3114;38;343;955
3147;41;346;956
3239;47;347;957
3305;59;373;958
3301;64;383;959
3253;62;397;960
3263;68;426;961
3176;70;457;962
3164;66;482;963
3070;66;511;964
3052;73;525;965
2992;72;557;966
2913;81;583;967
2861;81;597;968
2786;81;618;969
2648;87;645;970
2589;94;685;971
2491;92;710;972
2360;95;738;973
2299;97;761;974
2249;93;796;975
2134;105;864;976
2039;107;893;977
1976;104;906;978
1919;107;937;979
1847;102;940;980
1715;102;951;981
1674;100;995;982
1594;96;1053;983
1586;103;1106;984
1514;107;1135;985
1424;100;1155;986
1384;109;1165;987
1368;108;1226;988
1342;109;1272;989
1336;110;1314;990
1294;118;1321;991
1276;121;1338;992
1277;115;1373;993
1248;117;1375;994
1309;136;1416;995
1285;146;1445;996
1250;145;1449;997
1253;147;1457;998
1256;147;1488;999
1202;147;1535;1000
1201;143;1561;1001
1221;143;1582;1002
1250;145;1547;1003
1279;163;1513;1004
1271;159;1501;1005
1278;157;1498;1006
1276;166;1487;1007
1269;171;1498;1008
1299;175;1442;1009
1264;180;1409;1010
1277;187;1356;1011
1277;197;1351;1012
1274;210;1335;1013
1292;219;1308;1014
1305;228;1266;1015
1278;234;1249;1016
1278;234;1234;1017
1251;231;1194;1018
1206;233;1163;1019
1200;229;1144;1020
1192;245;1109;1021
1160;243;1090;1022
1133;240;1085;1023
1141;251;1086;1024
1107;275;1093;1025
1094;271;1099;1026
1049;263;1064;1027
1013;266;1045;1028
996;261;1030;1029
1024;262;1032;1030
1015;261;1040;1031
1052;261;1031;1032
1050;259;1036;1033
1024;252;1025;1034
1012;234;1007;1035
1006;228;973;1036
971;223;975;1037
986;211;980;1038
995;211;957;1039
1003;198;971;1040
973;194;978;1041
957;169;972;1042
961;165;950;1043
975;151;911;1044
989;155;903;1045
964;160;885;1046
1004;155;886;1047
1008;164;895;1048
1056;152;890;1049
1051;144;877;1050
1030;138;869;1051
1078;137;843;1052
1093;125;835;1053
1105;118;825;1054
1111;114;845;1055
1162;113;865;1056
1201;109;879;1057
1223;102;873;1058
1233;94;873;1059
1235;88;890;1060
1307;83;901;1061
1322;73;934;1062
1321;66;960;1063
1346;81;946;1064
1395;80;961;1065
1428;89;950;1066
1472;84;909;1067
1493;81;919;1068
1534;82;927;1069
1568;83;947;1070
1583;81;963;1071
1594;80;969;1072
1660;80;971;1073
1722;75;969;1074
1775;77;951;1075
1786;77;964;1076
1756;88;975;1077
1815;85;986;1078
1780;84;1026;1079
1808;89;1010;1080
1845;92;991;1081
1849;90;985;1082
1877;96;1006;1083
1889;98;975;1084
1949;102;963;1085
1951;115;996;1086
1961;121;1000;1087
2049;129;1008;1088
2075;129;1022;1089
2116;129;1010;1090
2150;128;1031;1091
2141;145;1069;1092
2161;151;1118;1093
2137;147;1192;1094
2124;153;1230;1095
2184;163;1241;1096
2129;162;1266;1097
2112;169;1322;1098
2112;169;1355;1099
2099;166;1390;1100
2120;184;1448;1101
2093;179;1521;1102
2036;177;1571;1103
2032;178;1621;1104
2022;184;1626;1105
2010;189;1649;1106
1948;198;1699;1107
1892;218;1733;1108
1855;235;1802;1109
1844;235;1813;1110
1819;259;1820;1111
1812;260;1874;1112
1778;269;1925;1113
1760;284;1951;1114
1725;291;1967;1115
1649;292;1984;1116
1570;333;2014;1117
1561;353;2059;1118
1518;361;2086;1119
1461;376;2061;1120
1423;382;2052;1121
1386;375;2071;1122
1343;384;2126;1123
1260;395;2118;1124
1274;395;2108;1125
1209;402;2082;1126
1130;412;2098;1127
1092;424;2108;1128
1051;419;2032;1129
1029;410;2030;1130
980;404;2002;1131
941;400;1946;1132
860;397;1940;1133
804;386;1956;1134
812;366;1923;1135
727;345;1883;1136
696;351;1855;1137
688;347;1818;1138
670;321;1793;1139
648;324;1736;1140
625;305;1655;1141
593;297;1562;1142
590;287;1577;1143
566;276;1535;1144
570;254;1482;1145
543;242;1438;1146
516;251;1405;1147
497;241;1401;1148
478;245;1336;1149
462;250;1273;1150
467;253;1222;1151
448;238;1162;1152
454;230;1088;1153
436;238;1042;1154
427;225;977;1155
420;223;926;1156
423;214;886;1157
427;219;859;1158
410;203;818;1159
410;194;772;1160
403;195;736;1161
414;197;678;1162
430;189;651;1163
440;183;611;1164
427;184;562;1165
472;186;526;1166
499;183;490;1167
505;181;487;1168
526;188;464;1169
512;187;450;1170
536;190;432;1171
549;189;415;1172
560;181;389;1173
576;174;374;1174
614;167;347;1175
618;160;323;1176
624;146;300;1177
641;149;281;1178
687;155;282;1179
718;161;262;1180
725;165;250;1181
760;161;248;1182
816;158;250;1183
870;151;244;1184
877;153;251;1185
894;149;234;1186
908;146;222;1187
930;155;207;1188
980;151;197;1189
1036;169;201;1190
1067;186;195;1191
1100;184;189;1192
1153;177;183;1193
1189;189;184;1194
1271;202;183;1195
1328;209;187;1196
1418;209;185;1197
1472;204;183;1198
1512;211;195;1199
1556;219;204;1200
1579;221;201;1201
1628;243;209;1202
1698;248;205;1203
1740;261;214;1204
1812;283;224;1205
1850;284;224;1206
1888;290;231;1207
1934;315;239;1208
2016;328;241;1209
2008;327;244;1210
1992;344;253;1211
1989;362;248;1212
2018;369;262;1213
2064;396;261;1214
2064;404;273;1215
2048;415;284;1216
2132;430;297;1217
2175;445;307;1218
2168;450;330;1219
2133;486;343;1220
2180;514;361;1221
2197;511;365;1222
2169;515;375;1223
2260;517;373;1224
2266;539;377;1225
2296;560;372;1226
2314;576;372;1227
2346;598;393;1228
2375;616;394;1229
2402;620;408;1230
2422;679;411;1231
2407;718;419;1232
2421;722;419;1233
2419;722;443;1234
2422;699;434;1235
2392;711;455;1236
2398;703;470;1237
2363;719;480;1238
2326;757;477;1239
2279;741;468;1240
2239;751;492;1241
2182;743;514;1242
2103;752;546;1243
2051;733;554;1244
1985;733;553;1245
1902;734;569;1246
1810;735;581;1247
1755;712;601;1248
1627;676;599;1249
1544;647;627;1250
1492;618;640;1251
1410;580;653;1252
1344;564;693;1253
1286;577;708;1254
1214;552;718;1255
1173;575;718;1256
1141;536;770;1257
1144;495;781;1258
1086;479;804;1259
1062;450;809;1260
1023;430;824;1261
985;414;828;1262
984;408;820;1263
996;386;829;1264
1028;359;839;1265
1036;325;853;1266
1008;301;846;1267
1003;294;887;1268
1034;280;890;1269
1071;273;869;1270
1078;274;862;1271
1036;257;864;1272
1105;243;844;1273
1160;228;834;1274
1164;214;823;1275
1181;208;793;1276
1208;198;791;1277
1287;175;800;1278
1354;172;789;1279
1373;166;759;1280
1388;153;734;1281
1445;133;741;1282
1471;124;731;1283
1509;114;708;1284
1560;113;694;1285
1574;127;673;1286
1623;125;679;1287
1652;113;650;1288
1655;109;627;1289
1663;106;616;1290
1678;107;596;1291
1694;110;575;1292
1654;112;566;1293
1654;111;548;1294
1668;117;533;1295
1637;121;528;1296
1635;130;511;1297
1626;131;482;1298
1613;134;482;1299
1592;134;468;1300
1572;143;443;1301
1526;139;430;1302
1511;141;439;1303
1530;156;436;1304
1512;152;417;1305
1484;154;392;1306
1476;171;382;1307
1518;179;406;1308
1546;181;399;1309
1550;204;393;1310
1562;208;377;1311
1542;205;384;1312
1518;201;382;1313
1520;222;386;1314
1546;225;384;1315
1567;230;379;1316
1601;232;381;1317
1624;243;375;1318
1683;240;379;1319
1723;237;395;1320
1753;244;403;1321
1735;243;418;1322
1735;243;415;1323
1738;250;408;1324
1708;269;424;1325
1723;284;445;1326
1721;280;465;1327
1774;298;469;1328
1798;288;473;1329
1837;295;512;1330
1847;308;528;1331
1884;308;531;1332
1896;322;571;1333
1918;345;591;1334
1931;367;603;1335
1910;362;613;1336
1937;363;629;1337
1973;356;656;1338
1983;357;689;1339
2011;368;712;1340
1954;380;728;1341
1934;395;751;1342
1924;422;795;1343
1895;418;831;1344
1818;406;846;1345
1816;412;876;1346
1765;412;902;1347
1705;419;936;1348
1681;424;949;1349
1632;431;980;1350
1630;469;1004;1351
1595;463;998;1352
1573;443;1020;1353
1502;447;1026;1354
1374;458;1036;1355
1338;460;1046;1356
1363;483;1060;1357
1327;481;1046;1358
1290;492;1060;1359
1228;508;1070;1360
1190;506;1090;1361
1209;494;1103;1362
1156;509;1095;1363
1103;501;1104;1364
1117;488;1085;1365
1066;482;1086;1366
1066;474;1059;1367
1039;484;1074;1368
1024;505;1072;1369
1003;475;1032;1370
1001;457;1030;1371
995;452;1022;1372
990;455;1026;1373
995;449;1002;1374
969;450;977;1375
935;431;978;1376
932;434;961;1377
975;411;958;1378
981;382;936;1379
981;372;924;1380
1013;364;896;1381
1034;334;885;1382
1033;337;910;1383
1033;318;891;1384
1007;306;859;1385
1004;293;854;1386
1044;278;811;1387
1095;254;810;1388
1115;258;805;1389
1123;250;792;1390
1120;257;796;1391
1106;248;793;1392
1120;231;801;1393
1141;229;796;1394
1154;230;788;1395
1172;234;794;1396
1183;247;779;1397
1186;275;773;1398
1170;270;762;1399
1208;269;756;1400
1232;257;755;1401
1251;264;743;1402
1262;270;735;1403
1313;265;738;1404
1317;272;734;1405
1368;271;726;1406
1376;280;705;1407
1386;288;720;1408
1386;287;733;1409
1435;277;726;1410
1459;277;710;1411
1495;281;737;1412
1571;287;733;1413
1597;292;739;1414
1588;287;724;1415
1566;283;724;1416
1563;284;731;1417
1576;300;735;1418
1635;306;762;1419
1666;317;766;1420
1716;326;783;1421
1706;342;819;1422
1720;346;858;1423
1722;346;843;1424
1734;384;857;1425
1734;387;867;1426
1733;392;904;1427
1692;406;913;1428
1679;416;929;1429
1662;431;938;1430
1650;456;924;1431
1651;462;906;1432
1629;475;896;1433
1687;498;913;1434
1741;510;913;1435
1717;513;921;1436
1657;516;924;1437
1653;542;899;1438
1606;564;933;1439
1553;576;943;1440
1541;585;934;1441
1546;603;903;1442
1513;622;919;1443
1529;613;934;1444
1551;611;925;1445
1526;642;932;1446
1468;640;919;1447
1440;643;888;1448
1414;658;900;1449
1400;679;938;1450
1396;699;943;1451
1370;711;966;1452
1358;702;961;1453
1370;714;979;1454
1388;727;986;1455
1418;763;960;1456
1388;744;972;1457
1409;739;953;1458
1390;734;962;1459
1400;729;954;1460
1414;732;974;1461
1408;751;955;1462
1435;750;947;1463
1440;753;942;1464
1470;740;935;1465
1453;749;922;1466
1451;733;914;1467
1466;725;901;1468
1438;744;898;1469
1425;730;891;1470
1459;702;875;1471
1498;693;862;1472
1489;682;894;1473
1478;668;897;1474
1481;651;917;1475
1508;644;898;1476
1504;617;867;1477
1510;609;865;1478
1515;602;843;1479
1474;568;852;1480
1438;556;852;1481
1473;532;864;1482
1435;515;901;1483
1449;493;916;1484
1427;484;945;1485
1397;448;948;1486
1401;432;958;1487
1409;396;961;1488
1360;387;966;1489
1350;373;997;1490
1327;390;1031;1491
1294;371;1056;1492
1260;357;1101;1493
1241;339;1119;1494
1228;333;1121;1495
1174;341;1128;1496
1104;325;1133;1497
1071;303;1176;1498
1025;296;1221;1499
1024;277;1266;1500
1035;275;1239;1501
1006;266;1230;1502
1020;263;1251;1503
1014;252;1270;1504
1002;238;1294;1505
963;227;1317;1506
965;224;1353;1507
978;204;1361;1508
959;201;1392;1509
957;186;1367;1510
972;173;1337;1511
963;162;1296;1512
973;152;1304;1513
998;138;1327;1514
1003;135;1333;1515
1004;123;1326;1516
1005;110;1353;1517
960;94;1359;1518
965;90;1336;1519
960;82;1305;1520
963;74;1286;1521
969;63;1297;1522
973;52;1302;1523
939;43;1291;1524
934;37;1261;1525
911;33;1212;1526
935;37;1191;1527
919;31;1184;1528
898;34;1165;1529
948;32;1154;1530
986;32;1155;1531
974;34;1135;1532
990;33;1102;1533
999;37;1080;1534
977;35;1102;1535
970;34;1087;1536
976;34;1073;1537
978;39;1078;1538
1010;39;1078;1539
1044;37;1056;1540
1067;38;1025;1541
1091;35;991;1542
1092;43;999;1543
1091;41;981;1544
1132;44;976;1545
1162;44;960;1546
1194;44;931;1547
1261;41;921;1548
1322;44;894;1549
1382;53;903;1550
1401;52;900;1551
1432;51;909;1552
1517;53;904;1553
1525;52;884;1554
1588;55;854;1555
1651;54;849;1556
1709;57;890;1557
1737;60;881;1558
1758;60;864;1559
1755;63;869;1560
1769;76;859;1561
1815;80;859;1562
1761;80;885;1563
1746;78;894;1564
1775;80;867;1565
1780;86;908;1566
1809;91;957;1567
1778;97;1024;1568
1781;102;1048;1569
1743;107;1039;1570
1690;106;1026;1571
1670;107;1048;1572
1609;108;1042;1573
1580;110;1051;1574
1577;108;1083;1575
1602;118;1086;1576
1635;120;1098;1577
1650;126;1111;1578
1691;129;1114;1579
1671;137;1128;1580
1661;136;1155;1581
1628;146;1196;1582
1594;145;1254;1583
1551;144;1266;1584
1515;144;1252;1585
1475;142;1256;1586
1442;136;1266;1587
1458;133;1288;1588
1458;127;1332;1589
1418;121;1342;1590
1385;121;1408;1591
1342;122;1447;1592
1331;118;1452;1593
1319;111;1464;1594
1288;99;1483;1595
1258;98;1488;1596
1231;94;1487;1597
1221;89;1488;1598
1266;84;1494;1599
1229;89;1517;1600
1162;89;1515;1601
1181;88;1498;1602
1143;81;1476;1603
1116;82;1488;1604
1107;84;1478;1605
1077;85;1491;1606
1035;80;1463;1607
1034;77;1442;1608
1059;69;1425;1609
1082;73;1412;1610
1046;71;1401;1611
996;77;1393;1612
968;80;1385;1613
960;77;1358;1614
938;74;1322;1615
913;74;1286;1616
894;73;1250;1617
885;84;1231;1618
886;78;1193;1619
871;74;1175;1620
873;73;1177;1621
879;71;1153;1622
860;69;1176;1623
861;65;1185;1624
847;70;1177;1625
817;68;1173;1626
798;64;1186;1627
815;60;1199;1628
812;56;1157;1629
812;53;1156;1630
830;55;1151;1631
841;54;1153;1632
846;50;1127;1633
842;54;1123;1634
840;52;1120;1635
832;56;1116;1636
851;51;1090;1637
888;48;1068;1638
903;48;1053;1639
918;46;1071;1640
954;44;1067;1641
960;49;1052;1642
976;47;1027;1643
994;50;1032;1644
1045;51;1011;1645
1119;45;992;1646
1151;45;982;1647
1165;48;970;1648
1163;48;958;1649
1197;47;931;1650
1186;46;921;1651
1200;46;907;1652
1295;46;891;1653
1310;46;881;1654
1352;44;862;1655
1394;44;857;1656
1428;47;854;1657
1476;48;879;1658
1515;52;881;1659
1548;51;883;1660
1565;49;864;1661
1613;47;879;1662
1652;51;882;1663
1686;56;893;1664
1725;52;911;1665
1720;52;936;1666
1756;57;960;1667
1807;60;955;1668
1820;70;970;1669
1825;70;992;1670
1851;70;1010;1671
1893;69;1037;1672
1930;69;1081;1673
1949;68;1101;1674
1952;72;1105;1675
2005;84;1136;1676
1981;83;1194;1677
1990;80;1217;1678
1961;86;1244;1679
1913;93;1285;1680
1915;93;1316;1681
1888;88;1358;1682
1935;103;1368;1683
1958;107;1432;1684
1997;107;1462;1685
1938;111;1479;1686
1908;112;1487;1687
1892;119;1543;1688
1875;117;1606;1689
1819;132;1657;1690
1719;134;1709;1691
1673;136;1725;1692
1657;143;1771;1693
1647;141;1798;1694
1617;145;1796;1695
1533;137;1802;1696
1493;150;1842;1697
1428;148;1900;1698
1366;146;1928;1699
1322;152;1967;1700
1222;185;1969;1701
1188;189;2003;1702
1135;180;2058;1703
1080;197;2074;1704
1044;201;2080;1705
972;197;2102;1706
909;202;2099;1707
865;208;2121;1708
819;209;2186;1709
733;208;2200;1710
711;206;2241;1711
673;218;2210;1712
663;214;2194;1713
614;202;2165;1714
559;199;2101;1715
542;186;2075;1716
485;194;2037;1717
482;194;1979;1718
459;184;1921;1719
408;172;1887;1720
399;171;1827;1721
384;164;1760;1722
375;159;1718;1723
364;155;1690;1724
355;145;1651;1725
352;143;1609;1726
344;146;1548;1727
363;137;1447;1728
385;123;1355;1729
394;118;1250;1730
397;107;1171;1731
401;98;1103;1732
412;87;1043;1733
398;87;1013;1734
424;77;951;1735
433;69;871;1736
453;58;844;1737
446;56;808;1738
451;50;745;1739
453;44;712;1740
446;43;710;1741
462;41;698;1742
478;36;655;1743
494;43;596;1744
502;42;558;1745
498;38;544;1746
511;41;513;1747
513;52;504;1748
558;51;489;1749
582;46;506;1750
606;56;491;1751
642;56;493;1752
654;56;464;1753
672;52;447;1754
704;48;438;1755
732;45;422;1756
767;41;415;1757
798;40;402;1758
831;44;399;1759
839;50;391;1760
900;50;386;1761
931;50;390;1762
977;49;393;1763
1012;47;375;1764
1052;44;362;1765
1066;43;357;1766
1086;37;340;1767
1176;41;323;1768
1199;45;337;1769
1290;44;348;1770
1338;39;339;1771
1399;43;337;1772
1448;44;343;1773
1473;50;350;1774
1536;42;347;1775
1597;41;340;1776
1692;45;329;1777
1759;43;324;1778
1812;45;316;1779
1867;45;315;1780
1949;45;308;1781
1994;47;305;1782
2055;47;298;1783
2134;47;300;1784
2181;52;300;1785
2220;60;310;1786
2233;57;304;1787
2227;58;308;1788
2245;58;290;1789
2260;64;303;1790
2227;63;304;1791
2213;65;309;1792
2209;67;319;1793
2157;83;348;1794
2075;85;354;1795
2026;89;353;1796
1977;90;370;1797
1961;102;384;1798
1887;121;386;1799
1822;125;386;1800
1716;127;411;1801
1631;128;429;1802
1594;135;437;1803
1554;132;435;1804
1527;148;429;1805
1501;156;442;1806
1481;159;454;1807
1442;156;467;1808
1415;154;490;1809
1400;154;495;1810
1389;157;495;1811
1377;153;513;1812
1401;164;532;1813
1446;161;555;1814
1436;158;558;1815
1432;166;567;1816
1443;165;568;1817
1468;168;561;1818
1440;172;591;1819
1458;167;629;1820
1491;167;627;1821
1549;169;619;1822
1578;171;639;1823
1588;165;646;1824
1575;157;672;1825
1635;148;691;1826
1708;152;711;1827
1693;146;696;1828
1725;144;710;1829
1788;146;693;1830
1834;148;704;1831
1813;158;699;1832
1874;160;705;1833
1866;163;695;1834
1892;157;702;1835
1930;167;727;1836
1981;181;729;1837
2012;188;769;1838
2057;188;770;1839
2112;194;767;1840
2157;193;758;1841
2158;193;781;1842
2178;190;783;1843
2194;190;794;1844
2234;190;822;1845
2258;206;820;1846
2238;217;821;1847
2249;224;824;1848
2233;230;833;1849
2266;233;897;1850
2276;249;899;1851
2264;248;899;1852
2285;265;912;1853
2306;271;946;1854
2318;270;967;1855
2316;275;979;1856
2270;297;991;1857
2287;303;1010;1858
2222;298;1013;1859
2205;307;1049;1860
2157;319;1089;1861
2160;334;1133;1862
2159;344;1149;1863
2098;352;1172;1864
2062;340;1184;1865
2044;346;1174;1866
2021;360;1184;1867
1908;377;1223;1868
1824;386;1239;1869
1731;395;1288;1870
1679;404;1309;1871
1622;435;1329;1872
1599;443;1375;1873
1596;459;1420;1874
1593;470;1450;1875
1601;463;1433;1876
1553;456;1446;1877
1532;467;1434;1878
1500;480;1458;1879
1454;485;1458;1880
1386;495;1457;1881
1306;519;1461;1882
1261;520;1458;1883
1232;536;1460;1884
1246;534;1470;1885
1217;535;1474;1886
1179;525;1519;1887
1126;525;1519;1888
1087;538;1496;1889
1059;526;1500;1890
1021;518;1474;1891
1035;502;1501;1892
1019;493;1497;1893
987;479;1494;1894
953;501;1541;1895
928;509;1529;1896
933;486;1515;1897
904;450;1499;1898
860;442;1488;1899
823;431;1496;1900
820;406;1481;1901
802;388;1452;1902
790;371;1436;1903
808;368;1407;1904
806;355;1385;1905
826;338;1348;1906
806;325;1363;1907
769;285;1337;1908
771;269;1321;1909
769;254;1313;1910
743;245;1256;1911
738;228;1234;1912
786;217;1225;1913
820;208;1176;1914
867;196;1161;1915
854;185;1126;1916
861;175;1117;1917
885;161;1091;1918
870;150;1054;1919
889;143;1031;1920
892;130;1019;1921
886;114;996;1922
915;100;984;1923
884;92;969;1924
895;87;949;1925
921;89;921;1926
921;84;909;1927
935;80;880;1928
935;78;852;1929
950;76;838;1930
960;86;854;1931
962;85;835;1932
931;82;827;1933
933;89;800;1934
984;86;792;1935
995;85;771;1936
997;94;745;1937
1003;93;738;1938
995;88;745;1939
1012;90;734;1940
1042;96;711;1941
1037;99;720;1942
1062;101;694;1943
1087;108;691;1944
1107;111;696;1945
1129;110;688;1946
1151;114;678;1947
1189;114;672;1948
1247;127;688;1949
1267;137;696;1950
1295;141;694;1951
1346;144;705;1952
1360;153;697;1953
1376;156;686;1954
1379;157;672;1955
1399;163;677;1956
1436;167;673;1957
1449;177;687;1958
1499;173;692;1959
1562;185;700;1960
1568;183;701;1961
1626;191;720;1962
1665;203;720;1963
1674;212;718;1964
1696;221;711;1965
1753;232;709;1966
1817;238;725;1967
1897;234;744;1968
1939;241;754;1969
1996;237;751;1970
2013;231;774;1971
2056;230;782;1972
2087;246;809;1973
2085;242;810;1974
2049;249;832;1975
2019;248;845;1976
2054;245;833;1977
2082;248;838;1978
2121;267;849;1979
2155;276;854;1980
2129;296;861;1981
2087;319;889;1982
2059;315;912;1983
2006;321;941;1984
1923;324;976;1985
1916;318;987;1986
1849;323;997;1987
1835;356;1037;1988
1802;372;1029;1989
1740;374;1053;1990
1719;382;1097;1991
1670;390;1140;1992
1609;400;1179;1993
1581;419;1190;1994
1576;417;1204;1995
1568;422;1241;1996
1543;451;1273;1997
1486;447;1301;1998
1534;456;1297;1999
