prey;predator;dzik;iteration
1202;198;195;0
1171;197;195;1
1144;197;195;2
1121;193;195;3
1133;188;195;4
1188;186;195;5
1327;185;195;6
1520;191;195;7
1624;193;195;8
1781;192;195;9
1885;203;196;10
1982;208;196;11
2017;203;196;12
2142;208;203;13
2227;208;212;14
2297;223;228;15
2352;231;237;16
2380;248;249;17
2526;251;270;18
2630;255;269;19
2715;262;271;20
2855;290;279;21
3001;298;299;22
3102;305;299;23
3205;288;332;24
3346;285;333;25
3407;295;334;26
3463;294;312;27
3460;296;319;28
3585;304;326;29
3627;318;333;30
3615;354;352;31
3558;377;368;32
3492;391;388;33
3476;396;407;34
3356;403;428;35
3271;422;449;36
3162;436;458;37
3063;450;483;38
3013;475;522;39
2872;498;542;40
2696;510;575;41
2600;521;610;42
2439;535;645;43
2318;561;667;44
2202;589;694;45
2088;612;721;46
1945;634;731;47
1876;659;784;48
1762;656;805;49
1678;676;810;50
1608;680;830;51
1520;687;821;52
1430;694;821;53
1352;713;860;54
1317;715;869;55
1288;729;885;56
1296;724;905;57
1277;723;932;58
1254;712;940;59
1220;701;945;60
1175;697;959;61
1149;695;937;62
1125;688;928;63
1138;694;965;64
1116;696;973;65
1062;691;991;66
1065;689;987;67
1054;688;977;68
1038;699;963;69
1037;692;969;70
1052;683;987;71
1061;662;990;72
1055;648;973;73
1075;635;963;74
1088;628;969;75
1104;606;986;76
1079;584;981;77
1066;562;992;78
1051;567;988;79
1036;556;965;80
1039;556;961;81
1033;546;976;82
1043;549;943;83
1046;546;966;84
1081;548;955;85
1062;547;965;86
1051;570;979;87
1046;570;966;88
1047;576;956;89
1023;575;923;90
1007;573;936;91
979;556;940;92
982;568;921;93
985;561;893;94
1004;546;865;95
990;546;874;96
989;530;867;97
968;544;838;98
969;548;825;99
939;539;805;100
907;536;797;101
903;527;772;102
867;528;748;103
877;542;739;104
864;570;740;105
874;572;713;106
870;555;710;107
848;563;703;108
828;566;684;109
793;555;667;110
806;566;661;111
793;572;648;112
794;557;626;113
779;568;615;114
778;554;614;115
778;547;600;116
770;535;587;117
789;534;582;118
772;536;599;119
791;520;592;120
792;492;586;121
795;477;610;122
783;480;594;123
761;470;590;124
758;453;607;125
798;441;605;126
834;416;599;127
863;414;610;128
886;396;625;129
890;367;611;130
928;351;639;131
930;350;619;132
937;331;610;133
955;333;600;134
1030;328;595;135
1067;325;600;136
1098;315;606;137
1175;312;613;138
1180;305;611;139
1221;304;630;140
1251;299;614;141
1331;285;625;142
1356;270;642;143
1395;261;642;144
1461;255;653;145
1511;252;657;146
1506;249;649;147
1502;248;653;148
1531;260;663;149
1585;248;658;150
1661;250;685;151
1680;260;714;152
1743;267;721;153
1797;273;751;154
1834;281;769;155
1822;275;762;156
1872;284;772;157
1840;285;798;158
1881;291;807;159
1908;298;819;160
1882;293;858;161
1922;293;872;162
1909;316;891;163
1910;327;903;164
1921;328;916;165
1889;324;903;166
1846;328;910;167
1857;325;943;168
1876;336;951;169
1877;359;944;170
1871;371;929;171
1815;370;917;172
1779;401;925;173
1740;424;938;174
1698;427;936;175
1711;438;957;176
1666;453;938;177
1682;497;908;178
1695;521;901;179
1668;540;883;180
1706;554;868;181
1663;586;874;182
1642;593;861;183
1645;593;855;184
1645;612;864;185
1613;648;878;186
1641;692;884;187
1632;677;870;188
1615;694;852;189
1600;694;840;190
1625;698;838;191
1659;724;819;192
1729;757;856;193
1740;767;865;194
1772;777;882;195
1781;777;880;196
1751;755;896;197
1771;767;917;198
1772;795;920;199
1781;783;905;200
1783;780;900;201
1773;791;917;202
1777;789;919;203
1778;830;934;204
1761;826;962;205
1728;823;946;206
1711;829;938;207
1648;816;935;208
1634;820;949;209
1612;835;968;210
1543;842;1018;211
1493;848;1000;212
1477;841;1019;213
1456;863;1015;214
1478;837;1034;215
1443;862;1022;216
1410;841;1051;217
1367;839;1070;218
1341;837;1101;219
1321;820;1104;220
1260;807;1095;221
1228;800;1115;222
1280;794;1108;223
1250;785;1139;224
1226;790;1160;225
1190;762;1159;226
1159;771;1149;227
1135;761;1164;228
1087;753;1167;229
1052;735;1163;230
1039;715;1155;231
1050;701;1147;232
1039;689;1130;233
1020;686;1132;234
1021;697;1111;235
1056;716;1097;236
1066;717;1087;237
1016;703;1083;238
985;685;1045;239
987;662;1044;240
946;674;1030;241
897;665;1020;242
890;638;1021;243
855;624;1020;244
925;632;995;245
926;619;979;246
889;597;957;247
907;593;935;248
910;603;905;249
884;605;884;250
866;600;855;251
866;579;823;252
844;564;797;253
836;544;787;254
854;532;781;255
852;531;774;256
874;545;745;257
872;551;747;258
870;544;730;259
854;542;728;260
854;536;693;261
886;526;673;262
871;507;655;263
882;490;640;264
855;494;602;265
823;494;583;266
796;475;580;267
789;475;560;268
788;453;561;269
764;456;537;270
762;456;523;271
769;462;510;272
763;448;518;273
728;430;504;274
738;426;492;275
739;452;510;276
716;453;516;277
725;465;509;278
697;458;489;279
668;461;489;280
666;472;499;281
665;486;495;282
666;491;482;283
670;499;476;284
695;474;462;285
706;467;467;286
723;459;462;287
704;460;462;288
721;458;466;289
738;445;482;290
738;444;479;291
762;440;479;292
794;430;469;293
798;425;460;294
803;416;449;295
828;403;453;296
845;390;443;297
900;368;445;298
932;352;432;299
973;338;432;300
1023;315;445;301
1068;327;449;302
1063;294;428;303
1119;289;416;304
1180;276;398;305
1245;269;393;306
1253;270;392;307
1287;270;383;308
1324;258;362;309
1442;258;368;310
1462;243;400;311
1489;244;393;312
1487;253;388;313
1530;267;392;314
1561;277;387;315
1594;280;387;316
1596;288;391;317
1651;290;389;318
1726;305;402;319
1764;305;401;320
1813;321;414;321
1817;338;439;322
1852;336;449;323
1940;357;474;324
1949;380;486;325
1975;386;486;326
2017;389;499;327
2071;422;521;328
2077;418;530;329
2201;422;565;330
2274;426;578;331
2339;417;580;332
2360;422;595;333
2355;443;597;334
2342;463;629;335
2341;470;635;336
2370;491;644;337
2387;500;648;338
2402;519;654;339
2412;517;660;340
2423;547;685;341
2403;580;690;342
2422;595;717;343
2386;595;717;344
2345;588;725;345
2242;618;756;346
2234;622;778;347
2172;621;783;348
2116;627;811;349
2068;639;859;350
2050;625;881;351
2008;639;892;352
1939;626;909;353
1829;629;919;354
1730;640;930;355
1681;637;935;356
1617;641;951;357
1560;642;964;358
1539;656;1006;359
1443;667;1037;360
1381;666;1048;361
1337;670;1063;362
1239;684;1065;363
1179;686;1074;364
1113;671;1094;365
1067;678;1090;366
1004;687;1118;367
979;677;1120;368
951;662;1128;369
944;658;1128;370
911;642;1135;371
880;655;1119;372
847;659;1096;373
808;640;1070;374
751;619;1059;375
757;620;1042;376
745;614;1022;377
724;582;995;378
698;598;958;379
687;604;951;380
679;602;925;381
653;590;910;382
643;610;908;383
637;602;876;384
617;580;838;385
621;581;804;386
620;566;762;387
613;549;712;388
616;526;663;389
635;512;618;390
646;487;601;391
658;480;567;392
656;479;533;393
683;451;502;394
693;436;460;395
699;417;427;396
716;404;386;397
749;381;365;398
744;359;357;399
789;345;335;400
817;320;323;401
820;296;290;402
853;277;269;403
876;258;252;404
923;254;236;405
959;248;220;406
976;222;217;407
1000;217;203;408
1040;219;206;409
1098;209;194;410
1129;220;185;411
1147;199;183;412
1219;205;184;413
1302;199;176;414
1380;203;168;415
1418;198;166;416
1480;201;172;417
1573;205;176;418
1675;199;181;419
1772;189;189;420
1863;184;185;421
1933;187;195;422
2016;200;195;423
2047;204;201;424
2117;206;227;425
2217;214;234;426
2325;208;243;427
2422;220;251;428
2478;216;255;429
2542;223;253;430
2610;231;256;431
2625;232;291;432
2744;236;304;433
2752;245;314;434
2848;251;349;435
2885;251;352;436
2916;269;357;437
2965;282;353;438
2999;286;373;439
3024;311;386;440
3013;316;412;441
3062;321;439;442
3051;320;450;443
3066;336;464;444
3030;333;457;445
2980;350;502;446
2940;370;534;447
2864;387;567;448
2828;404;585;449
2745;402;591;450
2620;434;607;451
2531;451;614;452
2442;457;630;453
2323;466;657;454
2242;476;706;455
2149;493;714;456
2012;502;736;457
1914;493;772;458
1834;480;809;459
1741;491;841;460
1614;506;851;461
1550;532;872;462
1484;549;884;463
1404;548;903;464
1327;555;925;465
1246;562;928;466
1196;555;947;467
1115;561;943;468
1077;556;930;469
1050;542;946;470
1081;536;961;471
1087;531;988;472
1079;509;982;473
1070;513;980;474
1083;503;983;475
1071;490;977;476
1066;473;980;477
1102;466;980;478
1121;454;986;479
1129;441;976;480
1150;415;982;481
1161;414;963;482
1155;400;997;483
1151;379;972;484
1144;367;985;485
1100;382;998;486
1126;353;1007;487
1153;326;1021;488
1155;316;1008;489
1144;304;984;490
1139;308;959;491
1151;317;969;492
1123;306;965;493
1134;288;962;494
1115;271;947;495
1113;277;932;496
1103;268;898;497
1094;254;889;498
1061;256;866;499
1098;249;846;500
1109;245;833;501
1103;231;807;502
1064;222;805;503
1055;219;790;504
1045;206;776;505
1045;202;763;506
1028;195;744;507
1006;186;726;508
1001;169;735;509
1036;168;725;510
996;162;737;511
973;149;738;512
973;136;721;513
946;128;707;514
932;122;707;515
935;123;747;516
919;115;767;517
913;107;778;518
900;94;788;519
907;87;797;520
935;83;833;521
958;84;845;522
953;82;861;523
928;79;849;524
904;87;843;525
912;82;881;526
936;85;889;527
940;83;881;528
941;80;860;529
985;82;886;530
981;77;891;531
958;74;863;532
959;76;860;533
957;68;824;534
994;67;815;535
972;66;815;536
974;56;837;537
1009;51;850;538
1030;63;862;539
1024;62;874;540
1076;61;868;541
1086;63;868;542
1102;62;869;543
1126;63;864;544
1138;59;860;545
1178;59;894;546
1232;60;907;547
1229;67;926;548
1200;71;905;549
1241;70;909;550
1286;78;930;551
1270;83;927;552
1348;84;952;553
1332;91;964;554
1353;91;1011;555
1387;91;1014;556
1417;89;1017;557
1406;85;1028;558
1423;85;1035;559
1425;91;1083;560
1422;90;1146;561
1456;91;1146;562
1447;93;1151;563
1459;94;1210;564
1486;94;1203;565
1510;91;1200;566
1507;82;1184;567
1523;79;1186;568
1567;83;1212;569
1571;94;1205;570
1592;95;1207;571
1608;98;1196;572
1646;100;1204;573
1716;97;1172;574
1737;95;1161;575
1781;91;1135;576
1817;94;1112;577
1869;94;1097;578
1926;92;1106;579
1910;92;1076;580
1918;88;1077;581
1982;82;1050;582
2032;83;988;583
2031;89;970;584
2044;95;946;585
2079;103;934;586
2065;109;928;587
2044;115;904;588
2040;121;885;589
2041;118;902;590
2064;108;892;591
2089;109;855;592
2040;109;847;593
1948;107;840;594
1968;118;848;595
1949;125;840;596
1884;120;832;597
1820;115;818;598
1770;109;815;599
1697;124;806;600
1597;124;804;601
1555;120;780;602
1467;118;797;603
1454;117;814;604
1375;122;806;605
1327;117;783;606
1295;115;791;607
1250;111;786;608
1185;103;793;609
1143;101;807;610
1122;96;822;611
1095;99;830;612
1096;94;833;613
1053;92;851;614
1053;102;852;615
1070;104;854;616
1087;94;858;617
1061;88;843;618
1051;84;866;619
1078;79;880;620
1093;73;866;621
1092;69;886;622
1128;67;860;623
1161;72;895;624
1151;69;903;625
1184;66;921;626
1194;63;948;627
1238;67;941;628
1276;71;933;629
1305;66;950;630
1341;69;925;631
1411;64;930;632
1453;64;933;633
1521;70;926;634
1527;70;953;635
1581;66;933;636
1619;64;945;637
1701;59;919;638
1758;60;898;639
1867;58;887;640
1914;55;871;641
2030;60;890;642
2071;64;896;643
2127;65;902;644
2183;60;888;645
2190;65;871;646
2199;71;864;647
2230;80;873;648
2266;76;890;649
2316;80;899;650
2364;87;902;651
2459;81;914;652
2501;84;931;653
2460;86;931;654
2408;90;958;655
2406;86;987;656
2361;84;1012;657
2341;77;1014;658
2274;85;1039;659
2209;86;1060;660
2139;91;1089;661
2106;97;1121;662
2112;100;1140;663
2107;96;1171;664
2104;107;1195;665
2062;106;1253;666
1948;108;1284;667
1815;108;1303;668
1781;105;1335;669
1732;102;1336;670
1664;102;1357;671
1593;101;1423;672
1565;104;1476;673
1516;95;1477;674
1472;96;1483;675
1474;96;1498;676
1406;101;1510;677
1386;94;1515;678
1301;86;1517;679
1258;78;1481;680
1199;73;1510;681
1164;69;1518;682
1139;62;1508;683
1105;58;1510;684
1050;55;1498;685
1022;58;1478;686
996;59;1475;687
947;55;1431;688
930;52;1426;689
895;48;1387;690
865;43;1383;691
831;38;1351;692
859;35;1347;693
840;33;1303;694
874;30;1288;695
895;27;1303;696
867;26;1286;697
897;25;1256;698
908;24;1242;699
922;22;1174;700
948;20;1138;701
972;17;1105;702
996;17;1073;703
999;15;1034;704
1021;18;1030;705
1058;17;996;706
1077;16;963;707
1107;15;927;708
1123;15;895;709
1135;14;865;710
1160;18;838;711
1154;18;814;712
1146;16;810;713
1148;19;768;714
1173;24;752;715
1174;23;728;716
1172;23;724;717
1188;23;704;718
1217;23;690;719
1237;22;691;720
1245;22;724;721
1307;22;722;722
1318;25;698;723
1334;33;686;724
1341;39;686;725
1322;39;730;726
1326;38;757;727
1354;43;771;728
1355;43;776;729
1387;42;791;730
1355;42;791;731
1396;46;805;732
1471;45;821;733
1482;45;819;734
1497;52;855;735
1486;50;855;736
1460;49;885;737
1493;57;904;738
1532;55;912;739
1516;55;905;740
1534;61;929;741
1529;57;952;742
1525;60;970;743
1544;60;991;744
1581;63;1020;745
1572;62;1026;746
1641;57;1050;747
1646;65;1054;748
1662;62;1038;749
1667;61;1069;750
1703;59;1077;751
1738;55;1100;752
1763;53;1084;753
1798;55;1057;754
1821;58;1055;755
1829;57;1062;756
1894;52;1066;757
1903;51;1067;758
1956;50;1079;759
1975;46;1082;760
1997;45;1100;761
1992;43;1097;762
2047;45;1089;763
2098;50;1102;764
2149;55;1118;765
2153;54;1093;766
2161;60;1099;767
2130;58;1099;768
2163;58;1117;769
2131;54;1124;770
2114;62;1139;771
2085;65;1181;772
2067;64;1187;773
2054;66;1216;774
2021;67;1227;775
2021;69;1268;776
1930;72;1299;777
1857;72;1329;778
1810;77;1328;779
1776;76;1334;780
1748;80;1383;781
1652;75;1420;782
1619;68;1445;783
1535;66;1461;784
1481;65;1495;785
1452;62;1511;786
1403;59;1511;787
1371;57;1536;788
1345;52;1547;789
1293;49;1554;790
1258;47;1574;791
1241;48;1574;792
1202;61;1577;793
1172;63;1574;794
1148;63;1590;795
1093;66;1596;796
1085;66;1609;797
1039;67;1614;798
1032;67;1615;799
1032;67;1624;800
984;64;1600;801
978;60;1591;802
955;57;1565;803
939;52;1535;804
948;50;1532;805
914;51;1546;806
892;49;1538;807
864;52;1523;808
859;57;1504;809
839;54;1493;810
831;57;1485;811
839;56;1442;812
855;55;1403;813
871;54;1397;814
881;54;1353;815
880;56;1327;816
866;56;1336;817
838;52;1280;818
865;55;1229;819
901;50;1210;820
923;45;1182;821
929;45;1173;822
920;42;1176;823
922;40;1137;824
932;37;1114;825
931;36;1084;826
941;37;1035;827
1019;30;1005;828
1030;30;963;829
1016;28;939;830
1050;26;919;831
1073;25;902;832
1128;23;880;833
1187;18;863;834
1177;17;836;835
1199;14;794;836
1220;16;816;837
1276;15;795;838
1300;15;766;839
1305;15;770;840
1383;15;772;841
1404;18;765;842
1410;21;766;843
1481;20;765;844
1515;19;772;845
1541;18;792;846
1571;19;792;847
1597;19;814;848
1617;19;811;849
1649;23;808;850
1752;21;839;851
1834;21;882;852
1807;21;896;853
1821;20;936;854
1829;20;958;855
1803;17;1004;856
1820;23;1014;857
1813;23;1067;858
1859;21;1106;859
1861;20;1123;860
1857;20;1183;861
1852;18;1217;862
1843;18;1225;863
1811;23;1241;864
1774;22;1270;865
1719;22;1320;866
1650;22;1343;867
1643;24;1353;868
1582;23;1385;869
1540;23;1450;870
1553;20;1466;871
1523;19;1485;872
1510;18;1526;873
1494;23;1555;874
1484;23;1572;875
1463;22;1610;876
1438;22;1682;877
1369;20;1688;878
1319;20;1669;879
1270;17;1647;880
1215;26;1676;881
1233;23;1715;882
1208;23;1755;883
1191;21;1766;884
1190;19;1753;885
1137;18;1742;886
1139;16;1729;887
1124;15;1728;888
1077;14;1688;889
1042;13;1647;890
1011;10;1630;891
973;8;1593;892
971;6;1563;893
960;5;1505;894
930;5;1504;895
870;3;1439;896
889;2;1408;897
868;1;1366;898
862;1;1335;899
854;0;1267;900
821;0;1199;901
808;0;1147;902
786;0;1128;903
775;0;1120;904
779;0;1088;905
778;0;1099;906
781;0;1070;907
795;0;1044;908
810;0;1036;909
774;0;972;910
819;0;961;911
798;0;936;912
771;0;943;913
775;0;878;914
766;0;859;915
754;0;844;916
771;0;823;917
763;0;825;918
751;0;796;919
762;0;777;920
809;0;782;921
827;0;765;922
869;0;730;923
881;0;697;924
907;0;673;925
912;0;658;926
943;0;650;927
969;0;663;928
959;0;678;929
968;0;631;930
967;0;615;931
1009;0;598;932
1066;0;605;933
1041;0;614;934
1058;0;592;935
1019;0;595;936
1037;0;586;937
1032;0;577;938
1041;0;563;939
1022;0;527;940
1031;0;537;941
1003;0;552;942
971;0;556;943
956;0;540;944
953;0;561;945
949;0;578;946
949;0;575;947
957;0;571;948
1000;0;579;949
1021;0;599;950
1013;0;628;951
1029;0;656;952
1045;0;656;953
1028;0;675;954
1005;0;666;955
1007;0;667;956
1043;0;689;957
1056;0;708;958
1051;0;702;959
1067;0;718;960
1086;0;693;961
1099;0;714;962
1155;0;726;963
1152;0;737;964
1169;0;733;965
1164;0;734;966
1201;0;752;967
1197;0;758;968
1241;0;764;969
1221;0;770;970
1243;0;779;971
1276;0;781;972
1278;0;794;973
1328;0;793;974
1318;0;815;975
1324;0;828;976
1330;0;813;977
1342;0;815;978
1318;0;860;979
1302;0;885;980
1344;0;937;981
1315;0;957;982
1330;0;983;983
1303;0;1014;984
1278;0;1027;985
1271;0;1064;986
1261;0;1088;987
1260;0;1098;988
1236;0;1119;989
1205;0;1149;990
1200;0;1157;991
1164;0;1185;992
1160;0;1192;993
1189;0;1231;994
1190;0;1272;995
1206;0;1291;996
1171;0;1334;997
1169;0;1372;998
1160;0;1417;999
1185;0;1439;1000
1184;0;1451;1001
1211;0;1470;1002
1208;0;1447;1003
1277;0;1455;1004
1266;0;1458;1005
1247;0;1449;1006
1241;0;1445;1007
1249;0;1425;1008
1252;0;1414;1009
1290;0;1416;1010
1316;0;1397;1011
1335;0;1385;1012
1367;0;1361;1013
1343;0;1309;1014
1354;0;1306;1015
1344;0;1287;1016
1340;0;1227;1017
1347;0;1190;1018
1356;0;1158;1019
1380;0;1133;1020
1383;0;1084;1021
1378;0;1050;1022
1415;0;1017;1023
1437;0;977;1024
1467;0;932;1025
1522;0;881;1026
1504;0;857;1027
1559;0;829;1028
1565;0;768;1029
1547;0;746;1030
1527;0;703;1031
1519;0;676;1032
1512;0;660;1033
1541;0;654;1034
1562;0;613;1035
1559;0;582;1036
1544;0;570;1037
1536;0;562;1038
1531;0;558;1039
1516;0;549;1040
1510;0;545;1041
1491;0;532;1042
1421;0;541;1043
1391;0;529;1044
1417;0;521;1045
1403;0;534;1046
1366;0;546;1047
1351;0;539;1048
1313;0;538;1049
1307;0;556;1050
1266;0;571;1051
1247;0;581;1052
1219;0;589;1053
1201;0;584;1054
1185;0;581;1055
1203;0;572;1056
1189;0;572;1057
1193;0;578;1058
1175;0;594;1059
1175;0;578;1060
1157;0;569;1061
1192;0;548;1062
1158;0;551;1063
1151;0;540;1064
1132;0;510;1065
1141;0;490;1066
1136;0;501;1067
1111;0;512;1068
1136;0;508;1069
1150;0;502;1070
1187;0;523;1071
1221;0;531;1072
1245;0;567;1073
1276;0;561;1074
1299;0;568;1075
1321;0;601;1076
1299;0;602;1077
1357;0;623;1078
1385;0;622;1079
1451;0;648;1080
1454;0;654;1081
1482;0;660;1082
1546;0;662;1083
1588;0;720;1084
1601;0;747;1085
1616;0;742;1086
1579;0;766;1087
1643;0;785;1088
1680;0;826;1089
1671;0;850;1090
1702;0;863;1091
1709;0;895;1092
1728;0;921;1093
1685;0;949;1094
1660;0;953;1095
1657;0;974;1096
1682;0;995;1097
1657;0;999;1098
1637;0;1018;1099
1683;0;1051;1100
1697;0;1061;1101
1712;0;1096;1102
1705;0;1134;1103
1716;0;1127;1104
1707;0;1146;1105
1762;0;1179;1106
1747;0;1200;1107
1733;0;1217;1108
1744;0;1248;1109
1751;0;1280;1110
1723;0;1285;1111
1722;0;1282;1112
1705;0;1313;1113
1728;0;1351;1114
1787;0;1378;1115
1745;0;1387;1116
1722;0;1405;1117
1716;0;1439;1118
1732;0;1484;1119
1679;0;1513;1120
1621;0;1491;1121
1566;0;1511;1122
1537;0;1528;1123
1562;0;1546;1124
1518;0;1534;1125
1476;0;1565;1126
1463;0;1596;1127
1436;0;1602;1128
1422;0;1632;1129
1410;0;1632;1130
1332;0;1647;1131
1301;0;1649;1132
1305;0;1648;1133
1296;0;1655;1134
1264;0;1646;1135
1236;0;1661;1136
1228;0;1670;1137
1223;0;1656;1138
1200;0;1691;1139
1182;0;1717;1140
1173;0;1729;1141
1185;0;1745;1142
1172;0;1752;1143
1172;0;1779;1144
1152;0;1742;1145
1111;0;1715;1146
1107;0;1696;1147
1078;0;1701;1148
1077;0;1696;1149
1049;0;1693;1150
1065;0;1675;1151
1024;0;1688;1152
1018;0;1673;1153
982;0;1692;1154
950;0;1690;1155
939;0;1710;1156
936;0;1683;1157
950;0;1660;1158
954;0;1619;1159
944;0;1609;1160
936;0;1554;1161
900;0;1554;1162
903;0;1493;1163
945;0;1430;1164
925;0;1373;1165
924;0;1339;1166
972;0;1278;1167
971;0;1252;1168
945;0;1200;1169
935;0;1192;1170
963;0;1161;1171
978;0;1124;1172
987;0;1083;1173
983;0;1060;1174
997;0;1025;1175
1021;0;994;1176
1061;0;959;1177
1078;0;962;1178
1072;0;922;1179
1113;0;954;1180
1115;0;928;1181
1109;0;916;1182
1106;0;900;1183
1140;0;882;1184
1177;0;888;1185
1141;0;887;1186
1160;0;864;1187
1175;0;851;1188
1153;0;824;1189
1144;0;785;1190
1114;0;779;1191
1122;0;788;1192
1116;0;771;1193
1056;0;759;1194
1042;0;774;1195
1055;0;780;1196
1062;0;790;1197
1049;0;801;1198
1053;0;796;1199
1036;0;808;1200
1046;0;831;1201
1053;0;826;1202
1029;0;829;1203
1081;0;820;1204
1055;0;829;1205
1076;0;849;1206
1082;0;850;1207
1069;0;852;1208
1078;0;829;1209
1155;0;825;1210
1182;0;818;1211
1182;0;814;1212
1211;0;848;1213
1262;0;882;1214
1259;0;901;1215
1281;0;922;1216
1272;0;934;1217
1307;0;949;1218
1314;0;964;1219
1358;0;973;1220
1393;0;964;1221
1472;0;955;1222
1497;0;953;1223
1601;0;978;1224
1652;0;975;1225
1705;0;968;1226
1761;0;971;1227
1780;0;981;1228
1813;0;977;1229
1819;0;1013;1230
1870;0;1019;1231
1906;0;1028;1232
1901;0;1035;1233
1941;0;1038;1234
1957;0;1065;1235
1953;0;1093;1236
2002;0;1147;1237
1976;0;1150;1238
1998;0;1175;1239
1972;0;1194;1240
1979;0;1239;1241
1922;0;1298;1242
1920;0;1314;1243
1905;0;1349;1244
1887;0;1429;1245
1821;0;1460;1246
1767;0;1493;1247
1742;0;1562;1248
1726;0;1655;1249
1701;0;1675;1250
1651;0;1706;1251
1562;0;1708;1252
1516;0;1761;1253
1484;0;1804;1254
1493;0;1852;1255
1476;0;1877;1256
1427;0;1914;1257
1394;0;1978;1258
1348;0;1995;1259
1283;0;1983;1260
1279;0;1978;1261
1252;0;1998;1262
1218;0;2002;1263
1217;0;1979;1264
1189;0;1972;1265
1139;0;1997;1266
1128;0;1989;1267
1121;0;1987;1268
1062;0;1986;1269
1034;0;1980;1270
1022;0;1969;1271
1024;0;1924;1272
996;0;1873;1273
945;0;1828;1274
944;0;1787;1275
900;0;1748;1276
900;0;1694;1277
897;0;1654;1278
878;0;1641;1279
871;0;1599;1280
861;0;1553;1281
825;0;1527;1282
822;0;1500;1283
837;0;1471;1284
824;0;1432;1285
810;0;1394;1286
816;0;1359;1287
818;0;1326;1288
823;0;1295;1289
831;0;1281;1290
844;0;1269;1291
861;0;1244;1292
846;0;1211;1293
854;0;1188;1294
898;0;1143;1295
880;0;1126;1296
889;0;1126;1297
901;0;1122;1298
897;0;1124;1299
889;0;1107;1300
880;0;1102;1301
894;0;1107;1302
929;0;1110;1303
972;0;1123;1304
999;0;1128;1305
1028;0;1133;1306
1028;0;1147;1307
1015;0;1148;1308
1034;0;1119;1309
1052;0;1099;1310
1073;0;1085;1311
1090;0;1097;1312
1094;0;1085;1313
1123;0;1113;1314
1163;0;1077;1315
1224;0;1070;1316
1210;0;1058;1317
1235;0;1068;1318
1259;0;1062;1319
1290;0;1050;1320
1297;0;1018;1321
1281;0;995;1322
1299;0;974;1323
1404;0;914;1324
1446;0;899;1325
1508;0;891;1326
1560;0;875;1327
1594;0;847;1328
1625;0;843;1329
1652;0;835;1330
1673;0;792;1331
1715;0;777;1332
1750;0;745;1333
1731;0;736;1334
1763;0;720;1335
1816;0;692;1336
1803;0;652;1337
1765;0;649;1338
1742;0;675;1339
1764;0;684;1340
1749;0;660;1341
1693;0;645;1342
1700;0;668;1343
1735;0;666;1344
1753;0;687;1345
1735;0;668;1346
1737;0;688;1347
1749;0;701;1348
1757;0;694;1349
1744;0;686;1350
1723;0;695;1351
1722;0;703;1352
1750;0;723;1353
1742;0;732;1354
1704;0;727;1355
1663;0;732;1356
1688;0;809;1357
1686;0;824;1358
1617;0;836;1359
1599;0;837;1360
1555;0;869;1361
1504;0;887;1362
1466;0;922;1363
1449;0;941;1364
1413;0;974;1365
1417;0;990;1366
1334;0;1024;1367
1342;0;1041;1368
1285;0;1107;1369
1247;0;1128;1370
1210;0;1137;1371
1187;0;1136;1372
1169;0;1171;1373
1196;0;1181;1374
1189;0;1245;1375
1200;0;1250;1376
1193;0;1286;1377
1176;0;1332;1378
1151;0;1352;1379
1168;0;1349;1380
1178;0;1355;1381
1184;0;1408;1382
1170;0;1433;1383
1136;0;1436;1384
1127;0;1439;1385
1121;0;1451;1386
1120;0;1498;1387
1082;0;1490;1388
1083;0;1499;1389
1083;0;1491;1390
1101;0;1509;1391
1082;0;1490;1392
1084;0;1473;1393
1091;0;1451;1394
1119;0;1500;1395
1115;0;1499;1396
1147;0;1495;1397
1143;0;1491;1398
1144;0;1497;1399
1178;0;1492;1400
1184;0;1473;1401
1183;0;1464;1402
1233;0;1455;1403
1246;0;1427;1404
1240;0;1387;1405
1235;0;1339;1406
1271;0;1333;1407
1227;0;1311;1408
1219;0;1295;1409
1266;0;1243;1410
1333;0;1234;1411
1365;0;1241;1412
1357;0;1236;1413
1366;0;1254;1414
1342;0;1246;1415
1318;0;1224;1416
1310;0;1235;1417
1295;0;1231;1418
1310;0;1233;1419
1317;0;1238;1420
1299;0;1263;1421
1286;0;1196;1422
1287;0;1190;1423
1241;0;1174;1424
1219;0;1149;1425
1216;0;1165;1426
1211;0;1171;1427
1190;0;1188;1428
1168;0;1210;1429
1119;0;1204;1430
1104;0;1210;1431
1063;0;1222;1432
1068;0;1220;1433
1029;0;1261;1434
1018;0;1272;1435
1009;0;1295;1436
950;0;1303;1437
905;0;1345;1438
909;0;1334;1439
920;0;1316;1440
888;0;1294;1441
876;0;1282;1442
838;0;1318;1443
818;0;1320;1444
849;0;1342;1445
834;0;1353;1446
821;0;1327;1447
819;0;1293;1448
815;0;1286;1449
836;0;1274;1450
829;0;1246;1451
859;0;1239;1452
854;0;1218;1453
871;0;1207;1454
871;0;1188;1455
873;0;1139;1456
903;0;1113;1457
896;0;1104;1458
888;0;1064;1459
885;0;1076;1460
892;0;1050;1461
890;0;1024;1462
889;0;991;1463
902;0;945;1464
907;0;898;1465
957;0;886;1466
995;0;872;1467
994;0;840;1468
979;0;813;1469
999;0;788;1470
993;0;765;1471
987;0;726;1472
997;0;695;1473
1016;0;687;1474
1054;0;694;1475
1078;0;689;1476
1031;0;668;1477
1031;0;666;1478
1039;0;653;1479
1065;0;629;1480
1093;0;629;1481
1095;0;628;1482
1113;0;624;1483
1127;0;607;1484
1154;0;617;1485
1172;0;634;1486
1179;0;658;1487
1211;0;673;1488
1235;0;675;1489
1262;0;709;1490
1318;0;713;1491
1356;0;722;1492
1411;0;726;1493
1432;0;727;1494
1455;0;770;1495
1451;0;785;1496
1511;0;814;1497
1543;0;801;1498
1610;0;812;1499
1674;0;831;1500
1745;0;862;1501
1774;0;920;1502
1792;0;943;1503
1817;0;985;1504
1853;0;1003;1505
1834;0;1026;1506
1886;0;1051;1507
1927;0;1078;1508
1903;0;1124;1509
1929;0;1162;1510
1962;0;1183;1511
1953;0;1219;1512
1978;0;1261;1513
2027;0;1266;1514
2005;0;1266;1515
2027;0;1297;1516
2017;0;1322;1517
1997;0;1336;1518
1940;0;1382;1519
1937;0;1399;1520
1900;0;1410;1521
1902;0;1445;1522
1903;0;1503;1523
1894;0;1556;1524
1892;0;1589;1525
1847;0;1624;1526
1806;0;1653;1527
1755;0;1678;1528
1759;0;1694;1529
1793;0;1714;1530
1769;0;1768;1531
1738;0;1835;1532
1735;0;1878;1533
1682;0;1943;1534
1623;0;1972;1535
1642;0;1954;1536
1637;0;1980;1537
1615;0;1988;1538
1583;0;2061;1539
1571;0;2089;1540
1598;0;2115;1541
1560;0;2136;1542
1528;0;2117;1543
1498;0;2080;1544
1495;0;2087;1545
1444;0;2065;1546
1375;0;2059;1547
1354;0;2049;1548
1309;0;2042;1549
1293;0;1984;1550
1262;0;1896;1551
1283;0;1846;1552
1258;0;1764;1553
1199;0;1713;1554
1178;0;1702;1555
1139;0;1623;1556
1113;0;1589;1557
1051;0;1506;1558
1017;0;1424;1559
1006;0;1352;1560
1011;0;1307;1561
1039;0;1261;1562
1048;0;1241;1563
1063;0;1192;1564
1060;0;1154;1565
1051;0;1089;1566
1034;0;1034;1567
1032;0;987;1568
1036;0;967;1569
1050;0;926;1570
1035;0;943;1571
1055;0;946;1572
1080;0;939;1573
1107;0;923;1574
1122;0;923;1575
1188;0;928;1576
1227;0;922;1577
1247;0;937;1578
1275;0;951;1579
1252;0;950;1580
1239;0;959;1581
1269;0;963;1582
1297;0;987;1583
1293;0;1007;1584
1372;0;985;1585
1404;0;1014;1586
1409;0;1019;1587
1427;0;1019;1588
1441;0;1044;1589
1473;0;1063;1590
1502;0;1096;1591
1564;0;1091;1592
1600;0;1133;1593
1584;0;1135;1594
1596;0;1133;1595
1627;0;1166;1596
1663;0;1186;1597
1643;0;1183;1598
1673;0;1158;1599
1704;0;1163;1600
1757;0;1196;1601
1777;0;1180;1602
1820;0;1188;1603
1834;0;1162;1604
1863;0;1139;1605
1892;0;1158;1606
1876;0;1143;1607
1872;0;1131;1608
1925;0;1107;1609
1893;0;1094;1610
1897;0;1086;1611
1932;0;1075;1612
1904;0;1070;1613
1933;0;1069;1614
1898;0;1074;1615
1840;0;1063;1616
1798;0;1063;1617
1776;0;1068;1618
1751;0;1074;1619
1677;0;1070;1620
1641;0;1077;1621
1559;0;1111;1622
1526;0;1127;1623
1452;0;1125;1624
1419;0;1132;1625
1372;0;1196;1626
1309;0;1173;1627
1238;0;1180;1628
1158;0;1186;1629
1097;0;1192;1630
1050;0;1204;1631
995;0;1182;1632
944;0;1189;1633
899;0;1167;1634
897;0;1167;1635
828;0;1171;1636
828;0;1157;1637
846;0;1149;1638
843;0;1147;1639
792;0;1150;1640
765;0;1116;1641
758;0;1105;1642
739;0;1075;1643
747;0;1060;1644
744;0;1025;1645
767;0;1012;1646
827;0;982;1647
850;0;963;1648
863;0;960;1649
836;0;963;1650
837;0;966;1651
864;0;955;1652
878;0;949;1653
889;0;915;1654
924;0;926;1655
976;0;934;1656
979;0;907;1657
989;0;895;1658
978;0;908;1659
1028;0;914;1660
1047;0;929;1661
1097;0;919;1662
1107;0;914;1663
1157;0;912;1664
1247;0;915;1665
1295;0;906;1666
1297;0;903;1667
1332;0;909;1668
1335;0;927;1669
1345;0;915;1670
1391;0;909;1671
1450;0;897;1672
1474;0;940;1673
1505;0;972;1674
1540;0;993;1675
1590;0;1053;1676
1601;0;1039;1677
1603;0;1037;1678
1629;0;1036;1679
1653;0;1066;1680
1655;0;1083;1681
1659;0;1080;1682
1629;0;1091;1683
1687;0;1098;1684
1753;0;1086;1685
1755;0;1085;1686
1773;0;1115;1687
1837;0;1128;1688
1876;0;1147;1689
1933;0;1174;1690
2002;0;1228;1691
1978;0;1261;1692
1946;0;1283;1693
1935;0;1299;1694
1994;0;1319;1695
2015;0;1344;1696
2065;0;1398;1697
2045;0;1454;1698
2018;0;1497;1699
2007;0;1550;1700
1961;0;1582;1701
1881;0;1620;1702
1839;0;1636;1703
1813;0;1692;1704
1775;0;1758;1705
1699;0;1822;1706
1596;0;1868;1707
1568;0;1908;1708
1523;0;1953;1709
1451;0;2006;1710
1414;0;2028;1711
1368;0;2037;1712
1324;0;2092;1713
1251;0;2182;1714
1188;0;2207;1715
1123;0;2228;1716
1109;0;2268;1717
1025;0;2309;1718
975;0;2302;1719
953;0;2286;1720
894;0;2294;1721
870;0;2307;1722
842;0;2306;1723
836;0;2311;1724
819;0;2308;1725
801;0;2257;1726
770;0;2221;1727
752;0;2186;1728
699;0;2148;1729
671;0;2118;1730
637;0;2118;1731
602;0;2078;1732
602;0;1995;1733
621;0;1947;1734
607;0;1887;1735
606;0;1815;1736
603;0;1734;1737
581;0;1668;1738
546;0;1624;1739
526;0;1548;1740
524;0;1454;1741
501;0;1363;1742
490;0;1293;1743
479;0;1242;1744
484;0;1210;1745
482;0;1145;1746
483;0;1119;1747
485;0;1062;1748
460;0;988;1749
462;0;931;1750
454;0;873;1751
435;0;827;1752
444;0;778;1753
434;0;740;1754
428;0;735;1755
432;0;725;1756
438;0;688;1757
449;0;651;1758
485;0;636;1759
487;0;612;1760
528;0;579;1761
537;0;557;1762
533;0;527;1763
530;0;498;1764
550;0;477;1765
543;0;448;1766
546;0;451;1767
559;0;454;1768
602;0;437;1769
617;0;432;1770
630;0;414;1771
639;0;417;1772
683;0;406;1773
703;0;377;1774
700;0;370;1775
719;0;378;1776
727;0;391;1777
753;0;392;1778
787;0;402;1779
814;0;404;1780
871;0;396;1781
929;0;407;1782
954;0;407;1783
979;0;405;1784
1022;0;422;1785
1048;0;407;1786
1098;0;409;1787
1134;0;423;1788
1186;0;423;1789
1277;0;468;1790
1370;0;477;1791
1430;0;522;1792
1506;0;529;1793
1585;0;531;1794
1586;0;577;1795
1653;0;599;1796
1707;0;635;1797
1723;0;650;1798
1795;0;681;1799
1835;0;681;1800
1874;0;691;1801
1936;0;697;1802
2009;0;702;1803
2082;0;717;1804
2096;0;764;1805
2112;0;769;1806
2150;0;792;1807
2201;0;809;1808
2221;0;823;1809
2259;0;852;1810
2259;0;881;1811
2279;0;909;1812
2313;0;933;1813
2326;0;942;1814
2327;0;959;1815
2289;0;976;1816
2281;0;1024;1817
2243;0;1021;1818
2180;0;1033;1819
2139;0;1058;1820
2108;0;1090;1821
2097;0;1140;1822
2040;0;1161;1823
2011;0;1140;1824
1996;0;1164;1825
1941;0;1204;1826
1868;0;1247;1827
1799;0;1249;1828
1752;0;1268;1829
1692;0;1271;1830
1661;0;1262;1831
1628;0;1246;1832
1616;0;1248;1833
1600;0;1231;1834
1589;0;1210;1835
1593;0;1204;1836
1561;0;1210;1837
1551;0;1179;1838
1484;0;1160;1839
1461;0;1155;1840
1409;0;1136;1841
1397;0;1099;1842
1353;0;1104;1843
1335;0;1057;1844
1336;0;1022;1845
1346;0;972;1846
1296;0;960;1847
1220;0;920;1848
1216;0;894;1849
1204;0;885;1850
1164;0;898;1851
1136;0;863;1852
1160;0;851;1853
1185;0;837;1854
1177;0;811;1855
1188;0;806;1856
1185;0;800;1857
1193;0;777;1858
1196;0;751;1859
1189;0;746;1860
1204;0;729;1861
1193;0;730;1862
1186;0;735;1863
1196;0;717;1864
1232;0;727;1865
1271;0;718;1866
1265;0;707;1867
1268;0;705;1868
1273;0;702;1869
1313;0;683;1870
1302;0;692;1871
1348;0;704;1872
1388;0;739;1873
1407;0;726;1874
1387;0;743;1875
1383;0;769;1876
1379;0;758;1877
1376;0;768;1878
1386;0;778;1879
1408;0;801;1880
1397;0;823;1881
1429;0;858;1882
1434;0;877;1883
1460;0;907;1884
1483;0;947;1885
1489;0;976;1886
1486;0;1000;1887
1470;0;1015;1888
1458;0;999;1889
1490;0;992;1890
1488;0;1003;1891
1522;0;1039;1892
1541;0;1067;1893
1569;0;1079;1894
1602;0;1096;1895
1607;0;1099;1896
1644;0;1125;1897
1692;0;1180;1898
1713;0;1192;1899
1736;0;1229;1900
1705;0;1265;1901
1713;0;1291;1902
1701;0;1318;1903
1695;0;1341;1904
1674;0;1341;1905
1684;0;1351;1906
1647;0;1368;1907
1641;0;1435;1908
1652;0;1412;1909
1626;0;1427;1910
1643;0;1428;1911
1639;0;1453;1912
1617;0;1462;1913
1596;0;1474;1914
1573;0;1491;1915
1582;0;1506;1916
1558;0;1495;1917
1536;0;1513;1918
1546;0;1487;1919
1558;0;1477;1920
1540;0;1463;1921
1550;0;1468;1922
1567;0;1486;1923
1583;0;1490;1924
1601;0;1463;1925
1592;0;1435;1926
1564;0;1417;1927
1599;0;1425;1928
1598;0;1416;1929
1592;0;1403;1930
1563;0;1381;1931
1510;0;1349;1932
1476;0;1347;1933
1405;0;1358;1934
1333;0;1326;1935
1311;0;1348;1936
1237;0;1349;1937
1199;0;1341;1938
1135;0;1326;1939
1076;0;1337;1940
1044;0;1358;1941
998;0;1363;1942
985;0;1360;1943
926;0;1379;1944
883;0;1393;1945
863;0;1406;1946
835;0;1409;1947
791;0;1407;1948
757;0;1420;1949
778;0;1418;1950
764;0;1392;1951
767;0;1364;1952
776;0;1337;1953
769;0;1357;1954
756;0;1324;1955
756;0;1303;1956
758;0;1293;1957
734;0;1260;1958
708;0;1267;1959
703;0;1205;1960
707;0;1165;1961
683;0;1143;1962
674;0;1117;1963
674;0;1083;1964
681;0;1072;1965
690;0;1031;1966
704;0;989;1967
736;0;940;1968
743;0;916;1969
718;0;913;1970
712;0;863;1971
704;0;835;1972
700;0;765;1973
693;0;723;1974
723;0;693;1975
752;0;673;1976
756;0;657;1977
794;0;653;1978
802;0;659;1979
806;0;656;1980
800;0;636;1981
809;0;614;1982
838;0;613;1983
825;0;629;1984
863;0;628;1985
888;0;619;1986
914;0;640;1987
944;0;623;1988
955;0;612;1989
986;0;616;1990
1005;0;614;1991
1018;0;601;1992
1061;0;604;1993
1089;0;640;1994
1142;0;649;1995
1184;0;648;1996
1178;0;658;1997
1214;0;672;1998
1248;0;686;1999
