prey;predator;dzik;iteration
1194;201;213;0
1159;197;213;1
1133;196;213;2
1133;193;213;3
1139;191;213;4
1211;186;213;5
1345;190;213;6
1487;189;213;7
1652;189;213;8
1763;193;215;9
1906;196;215;10
2045;198;215;11
2115;210;213;12
2162;217;219;13
2238;216;235;14
2308;241;245;15
2402;246;249;16
2462;266;268;17
2541;265;263;18
2672;263;283;19
2801;287;313;20
2914;309;315;21
3047;313;325;22
3175;324;333;23
3209;328;342;24
3292;313;332;25
3367;323;326;26
3468;294;300;27
3612;299;315;28
3628;302;323;29
3560;301;333;30
3517;325;339;31
3486;347;347;32
3353;373;361;33
3369;382;385;34
3326;404;418;35
3280;449;450;36
3230;476;463;37
3107;497;500;38
3031;515;533;39
2924;507;564;40
2804;560;587;41
2658;600;624;42
2588;622;642;43
2543;666;657;44
2466;683;686;45
2369;712;716;46
2332;733;730;47
2318;775;769;48
2279;786;777;49
2198;789;816;50
2091;806;823;51
1992;829;826;52
1930;849;831;53
1862;847;852;54
1774;848;864;55
1769;870;892;56
1705;888;919;57
1677;900;950;58
1637;896;980;59
1590;891;1000;60
1559;879;1014;61
1485;898;1040;62
1423;904;1067;63
1404;883;1073;64
1393;903;1076;65
1366;916;1110;66
1323;912;1122;67
1322;902;1139;68
1294;863;1137;69
1287;849;1179;70
1255;826;1193;71
1225;803;1224;72
1233;815;1242;73
1203;779;1250;74
1186;765;1231;75
1170;767;1240;76
1170;749;1221;77
1175;746;1213;78
1162;721;1232;79
1166;700;1220;80
1167;677;1191;81
1153;665;1169;82
1182;645;1161;83
1173;625;1147;84
1145;607;1144;85
1140;602;1128;86
1103;586;1122;87
1103;565;1111;88
1077;540;1102;89
1081;515;1073;90
1092;489;1050;91
1086;460;1038;92
1109;450;1037;93
1098;440;1003;94
1062;413;992;95
1083;404;1010;96
1099;395;976;97
1094;387;946;98
1111;389;938;99
1079;402;913;100
1096;388;897;101
1069;401;902;102
1081;381;889;103
1069;380;876;104
1122;383;864;105
1151;369;856;106
1117;364;843;107
1153;364;823;108
1137;358;815;109
1147;358;833;110
1151;361;808;111
1165;375;775;112
1168;369;777;113
1156;372;756;114
1184;378;750;115
1199;375;756;116
1218;382;733;117
1234;381;713;118
1233;375;697;119
1216;392;685;120
1243;385;663;121
1268;407;658;122
1288;408;640;123
1325;399;620;124
1348;402;610;125
1367;408;594;126
1406;413;610;127
1405;409;598;128
1457;422;584;129
1451;422;567;130
1494;403;556;131
1546;384;552;132
1564;376;548;133
1595;378;563;134
1637;381;553;135
1670;379;562;136
1729;373;553;137
1779;367;541;138
1844;359;540;139
1920;350;541;140
1964;346;554;141
1961;347;566;142
1997;343;560;143
2011;333;551;144
2048;330;558;145
2108;341;571;146
2101;340;570;147
2150;340;574;148
2196;361;582;149
2229;364;584;150
2294;369;591;151
2263;364;605;152
2296;410;597;153
2306;415;604;154
2340;438;603;155
2345;454;614;156
2344;466;631;157
2408;471;669;158
2442;473;681;159
2432;475;691;160
2399;490;704;161
2457;502;704;162
2452;526;706;163
2428;539;711;164
2446;550;705;165
2433;588;725;166
2446;615;748;167
2451;626;752;168
2390;629;760;169
2309;664;777;170
2282;691;835;171
2214;699;835;172
2174;705;855;173
2145;722;885;174
2055;722;921;175
2067;769;942;176
1966;800;967;177
1921;818;1003;178
1915;860;996;179
1868;893;1012;180
1835;914;1031;181
1778;926;1038;182
1711;925;1054;183
1678;918;1086;184
1663;916;1095;185
1598;937;1121;186
1554;966;1134;187
1546;975;1148;188
1495;1009;1161;189
1431;1040;1160;190
1362;1036;1192;191
1328;1042;1190;192
1267;1038;1210;193
1228;1042;1209;194
1196;1048;1236;195
1149;1063;1266;196
1076;1054;1276;197
1028;1058;1293;198
974;1055;1292;199
944;1045;1299;200
885;1070;1275;201
832;1048;1255;202
824;1047;1249;203
770;1025;1282;204
737;987;1263;205
712;944;1259;206
660;907;1234;207
609;855;1247;208
557;801;1261;209
533;783;1274;210
493;756;1257;211
489;730;1229;212
497;740;1197;213
463;713;1154;214
445;668;1132;215
422;617;1092;216
409;573;1059;217
380;545;1047;218
361;523;1016;219
364;503;973;220
337;475;946;221
325;436;905;222
313;423;856;223
302;407;798;224
273;385;770;225
258;371;742;226
259;350;701;227
280;336;661;228
271;325;611;229
285;296;571;230
278;277;529;231
281;252;497;232
263;233;481;233
275;214;464;234
277;203;458;235
278;200;412;236
283;187;370;237
305;179;342;238
304;166;319;239
319;152;309;240
314;133;296;241
337;121;281;242
343;112;269;243
337;97;246;244
358;84;231;245
358;73;213;246
369;67;203;247
382;60;179;248
395;57;167;249
422;52;158;250
440;48;148;251
452;45;132;252
446;42;115;253
468;40;91;254
480;39;83;255
510;45;79;256
521;45;75;257
565;45;67;258
594;47;55;259
642;43;50;260
647;42;35;261
704;42;30;262
747;37;32;263
769;35;30;264
807;39;28;265
865;38;36;266
897;38;33;267
960;36;31;268
1027;40;33;269
1076;39;31;270
1115;39;31;271
1182;36;31;272
1224;43;29;273
1270;53;28;274
1335;56;36;275
1382;56;43;276
1430;55;43;277
1498;55;48;278
1588;61;53;279
1630;61;53;280
1698;62;52;281
1743;58;51;282
1802;56;51;283
1851;58;53;284
1879;70;64;285
1893;84;63;286
1952;90;63;287
2038;96;68;288
2098;95;73;289
2152;101;78;290
2250;106;73;291
2321;117;83;292
2364;113;84;293
2430;113;93;294
2495;125;92;295
2583;134;104;296
2653;131;108;297
2687;151;125;298
2694;155;130;299
2689;164;138;300
2785;160;144;301
2857;157;153;302
2860;181;154;303
2867;185;155;304
2851;184;153;305
2912;185;156;306
2935;192;165;307
2923;203;170;308
2980;217;170;309
3004;235;174;310
2976;242;172;311
2903;248;183;312
2855;252;184;313
2821;251;192;314
2757;266;197;315
2658;296;194;316
2557;305;207;317
2513;306;214;318
2455;330;221;319
2364;350;214;320
2273;359;218;321
2179;376;245;322
2139;399;250;323
2051;421;255;324
1915;440;251;325
1824;443;254;326
1737;468;262;327
1700;481;262;328
1660;513;252;329
1619;534;259;330
1589;535;255;331
1578;556;267;332
1520;598;264;333
1493;601;255;334
1430;603;265;335
1372;620;264;336
1381;628;258;337
1342;659;252;338
1333;658;248;339
1318;680;269;340
1326;717;259;341
1345;711;257;342
1339;698;255;343
1369;697;252;344
1401;713;247;345
1400;730;243;346
1445;713;255;347
1473;700;259;348
1486;733;262;349
1474;749;261;350
1520;769;252;351
1557;757;263;352
1647;794;261;353
1635;798;252;354
1653;814;253;355
1743;817;263;356
1767;821;280;357
1783;811;278;358
1836;803;277;359
1885;804;277;360
1975;795;283;361
2007;802;280;362
2059;807;265;363
2090;816;270;364
2128;797;283;365
2138;813;287;366
2122;827;306;367
2092;834;292;368
2074;832;307;369
2074;849;311;370
2014;878;321;371
2012;886;322;372
2021;917;354;373
2041;940;386;374
2034;972;395;375
2046;982;412;376
2023;1017;428;377
1956;1022;420;378
1895;1051;424;379
1868;1076;429;380
1866;1094;434;381
1862;1123;444;382
1830;1126;443;383
1813;1170;437;384
1799;1199;443;385
1760;1213;445;386
1681;1248;437;387
1603;1264;450;388
1527;1272;462;389
1475;1299;456;390
1370;1324;465;391
1329;1321;460;392
1323;1344;446;393
1327;1361;439;394
1295;1368;450;395
1268;1353;438;396
1242;1367;463;397
1249;1355;461;398
1221;1359;458;399
1199;1341;444;400
1170;1304;434;401
1132;1301;423;402
1113;1275;424;403
1129;1290;407;404
1139;1281;389;405
1122;1237;386;406
1084;1201;360;407
1091;1167;342;408
1067;1126;326;409
1051;1091;317;410
1050;1070;313;411
993;1056;302;412
997;1040;288;413
1025;1024;269;414
1026;1020;251;415
1002;983;231;416
997;1016;219;417
981;965;201;418
965;947;192;419
914;951;190;420
909;930;169;421
913;881;151;422
933;835;147;423
908;815;136;424
876;822;130;425
869;803;133;426
843;790;125;427
822;785;113;428
826;789;104;429
815;789;98;430
813;790;97;431
800;796;103;432
797;795;96;433
788;800;93;434
820;784;83;435
849;739;77;436
849;765;71;437
863;764;65;438
883;784;63;439
881;789;62;440
930;783;62;441
978;776;61;442
1014;746;58;443
1061;762;59;444
1058;756;54;445
1082;764;53;446
1128;759;54;447
1196;769;62;448
1233;750;67;449
1243;762;64;450
1290;773;65;451
1319;796;64;452
1342;797;61;453
1387;801;69;454
1388;796;74;455
1423;822;79;456
1436;821;84;457
1471;820;90;458
1508;824;87;459
1517;832;89;460
1556;836;94;461
1611;843;93;462
1628;849;100;463
1638;866;97;464
1688;873;102;465
1797;891;101;466
1845;878;113;467
1896;885;114;468
1939;944;113;469
1969;963;118;470
1986;968;124;471
2034;977;142;472
2078;988;155;473
2094;1021;161;474
2097;1025;151;475
2130;1032;155;476
2111;1035;162;477
2120;1052;167;478
2129;1045;185;479
2080;1060;206;480
2024;1102;206;481
1998;1096;199;482
1957;1106;204;483
1895;1113;213;484
1868;1134;238;485
1827;1133;234;486
1771;1128;239;487
1739;1139;252;488
1640;1144;263;489
1620;1162;261;490
1534;1174;262;491
1489;1158;275;492
1447;1114;284;493
1396;1148;286;494
1372;1122;284;495
1403;1083;294;496
1379;1049;300;497
1383;1029;304;498
1373;1018;296;499
1355;981;299;500
1345;946;295;501
1379;913;295;502
1352;918;298;503
1358;893;299;504
1351;895;310;505
1358;881;309;506
1314;867;311;507
1356;844;310;508
1356;823;329;509
1430;793;325;510
1428;756;310;511
1448;750;314;512
1423;735;304;513
1433;765;310;514
1430;779;300;515
1436;759;279;516
1390;766;277;517
1423;780;271;518
1430;789;267;519
1421;801;254;520
1439;802;248;521
1456;819;264;522
1501;851;257;523
1518;844;252;524
1512;837;242;525
1486;853;225;526
1464;842;209;527
1446;893;215;528
1435;913;210;529
1419;913;203;530
1412;940;188;531
1389;988;191;532
1398;990;179;533
1404;1017;185;534
1423;1070;188;535
1456;1074;178;536
1411;1069;186;537
1409;1096;183;538
1377;1144;178;539
1364;1176;168;540
1355;1192;155;541
1349;1188;169;542
1335;1229;161;543
1367;1245;165;544
1374;1234;160;545
1344;1244;164;546
1352;1261;154;547
1417;1291;151;548
1407;1309;152;549
1447;1287;145;550
1432;1274;146;551
1452;1270;150;552
1472;1253;155;553
1490;1260;150;554
1515;1256;163;555
1539;1222;172;556
1617;1202;180;557
1608;1224;182;558
1608;1221;189;559
1626;1180;213;560
1650;1163;213;561
1612;1140;213;562
1610;1125;224;563
1623;1109;227;564
1608;1104;219;565
1588;1072;242;566
1580;1050;251;567
1511;1017;254;568
1520;1002;251;569
1471;1016;241;570
1486;1054;255;571
1434;1074;277;572
1401;1042;304;573
1345;1023;302;574
1328;1022;320;575
1329;1030;325;576
1343;1020;334;577
1307;983;342;578
1277;974;350;579
1256;974;347;580
1243;957;383;581
1237;945;408;582
1225;940;423;583
1206;932;436;584
1216;928;466;585
1231;892;474;586
1242;867;477;587
1255;859;490;588
1257;844;505;589
1276;805;505;590
1285;799;491;591
1329;802;502;592
1352;816;498;593
1405;806;497;594
1381;803;508;595
1379;799;513;596
1423;791;526;597
1439;808;526;598
1435;782;504;599
1442;769;480;600
1411;780;475;601
1414;766;480;602
1438;761;471;603
1497;766;444;604
1561;772;440;605
1569;785;441;606
1572;790;483;607
1583;815;469;608
1581;818;447;609
1543;822;437;610
1525;819;432;611
1525;817;424;612
1513;845;431;613
1484;860;433;614
1468;856;423;615
1470;857;409;616
1454;844;405;617
1432;858;406;618
1408;864;399;619
1357;867;394;620
1346;898;384;621
1319;886;371;622
1310;910;391;623
1294;905;396;624
1305;895;405;625
1311;911;397;626
1301;918;397;627
1282;931;412;628
1338;931;402;629
1400;965;396;630
1367;972;400;631
1369;989;395;632
1359;1002;381;633
1335;1032;375;634
1333;1009;362;635
1331;1016;363;636
1315;1005;367;637
1359;1013;391;638
1367;1008;411;639
1405;1012;407;640
1469;1007;423;641
1505;1021;432;642
1550;1052;449;643
1567;1068;449;644
1629;1066;464;645
1597;1063;481;646
1592;1062;509;647
1580;1076;529;648
1591;1093;544;649
1631;1107;550;650
1636;1098;578;651
1648;1109;572;652
1650;1140;577;653
1621;1155;573;654
1575;1176;604;655
1550;1236;619;656
1547;1246;649;657
1542;1266;657;658
1485;1298;664;659
1476;1305;672;660
1383;1363;671;661
1325;1395;678;662
1266;1406;687;663
1283;1438;695;664
1225;1480;690;665
1223;1504;672;666
1174;1548;666;667
1134;1561;670;668
1092;1568;660;669
1056;1590;663;670
1018;1599;674;671
1008;1594;670;672
985;1563;653;673
978;1590;634;674
950;1605;620;675
917;1620;592;676
899;1618;603;677
882;1614;580;678
857;1594;546;679
843;1585;537;680
828;1562;531;681
809;1580;507;682
785;1584;475;683
794;1539;451;684
819;1523;434;685
814;1484;404;686
811;1461;383;687
849;1434;363;688
824;1374;334;689
828;1325;315;690
822;1305;301;691
797;1288;289;692
774;1232;272;693
770;1177;244;694
750;1113;233;695
746;1069;208;696
716;1019;205;697
702;1005;191;698
690;966;176;699
695;954;167;700
670;920;173;701
648;857;167;702
591;827;165;703
551;801;171;704
552;750;173;705
517;711;171;706
474;676;164;707
451;652;154;708
431;618;146;709
404;600;141;710
394;563;138;711
394;543;136;712
394;515;135;713
381;488;130;714
345;481;145;715
339;467;140;716
324;446;141;717
316;431;136;718
316;380;138;719
308;355;134;720
308;331;135;721
318;312;139;722
318;293;136;723
333;277;144;724
348;255;144;725
376;235;143;726
389;213;146;727
377;205;143;728
377;195;137;729
415;183;140;730
420;182;141;731
436;177;144;732
436;179;144;733
453;166;135;734
479;157;137;735
503;142;136;736
516;150;133;737
527;146;131;738
553;156;142;739
575;156;137;740
581;158;140;741
606;145;132;742
639;148;126;743
659;147;138;744
672;154;159;745
711;151;177;746
762;151;179;747
774;155;179;748
815;154;183;749
853;147;187;750
890;141;176;751
907;141;176;752
935;141;176;753
975;141;199;754
1003;163;204;755
1044;158;213;756
1059;159;213;757
1090;166;217;758
1119;169;222;759
1125;157;224;760
1174;163;239;761
1214;168;252;762
1257;170;253;763
1275;162;269;764
1304;174;262;765
1335;184;282;766
1374;177;292;767
1402;185;322;768
1436;193;328;769
1475;206;340;770
1505;218;351;771
1568;233;384;772
1601;235;379;773
1683;242;378;774
1747;263;390;775
1752;269;400;776
1799;265;406;777
1835;281;416;778
1883;296;416;779
1864;299;432;780
1913;308;448;781
1905;329;450;782
1988;335;467;783
2002;348;477;784
2047;373;469;785
2054;382;487;786
2076;385;497;787
2046;402;513;788
2057;405;534;789
2081;423;538;790
2114;443;560;791
2129;458;587;792
2189;465;609;793
2168;486;617;794
2186;517;613;795
2192;538;607;796
2164;540;613;797
2162;563;642;798
2131;568;644;799
2106;601;661;800
2071;625;680;801
2081;646;707;802
2077;660;706;803
2000;690;703;804
1955;708;685;805
1941;716;710;806
1892;724;696;807
1833;745;691;808
1747;741;721;809
1695;742;747;810
1648;736;759;811
1609;767;777;812
1554;773;796;813
1512;805;793;814
1465;788;788;815
1440;787;785;816
1360;774;779;817
1331;757;756;818
1311;741;741;819
1296;742;734;820
1233;730;720;821
1230;727;721;822
1225;678;719;823
1197;664;737;824
1194;630;728;825
1178;620;719;826
1153;592;706;827
1143;571;688;828
1147;561;660;829
1184;567;646;830
1198;521;644;831
1185;489;617;832
1184;466;622;833
1237;465;600;834
1256;460;576;835
1278;448;554;836
1282;454;538;837
1328;440;519;838
1356;425;499;839
1372;405;475;840
1407;381;458;841
1483;370;437;842
1544;370;441;843
1534;371;435;844
1565;362;436;845
1587;365;427;846
1590;345;414;847
1609;341;406;848
1650;340;403;849
1689;355;392;850
1690;354;395;851
1715;359;382;852
1772;344;390;853
1804;344;394;854
1810;347;390;855
1844;350;402;856
1863;355;392;857
1826;368;399;858
1869;384;406;859
1856;393;432;860
1888;376;438;861
1887;364;442;862
1884;368;449;863
1891;391;452;864
1922;396;472;865
1946;392;496;866
1949;384;500;867
1903;375;511;868
1873;363;526;869
1850;378;535;870
1884;405;547;871
1853;421;555;872
1840;423;588;873
1848;444;587;874
1886;445;590;875
1873;449;608;876
1904;469;621;877
1908;493;617;878
1916;507;625;879
1895;511;636;880
1897;535;650;881
1915;540;644;882
1910;545;670;883
1949;565;693;884
1897;571;704;885
1911;565;713;886
1937;591;709;887
1951;596;716;888
1893;614;741;889
1841;620;761;890
1827;631;773;891
1843;660;767;892
1804;658;769;893
1805;681;798;894
1759;689;838;895
1754;683;838;896
1739;696;831;897
1722;692;840;898
1703;719;825;899
1728;705;811;900
1677;712;814;901
1689;715;799;902
1661;698;784;903
1650;692;771;904
1601;679;765;905
1592;664;750;906
1574;676;772;907
1625;680;761;908
1633;680;741;909
1611;672;720;910
1556;658;694;911
1565;691;689;912
1568;688;670;913
1544;700;657;914
1554;679;655;915
1604;666;678;916
1600;680;666;917
1630;677;673;918
1600;678;684;919
1617;698;705;920
1557;700;696;921
1550;721;704;922
1505;699;692;923
1484;683;710;924
1500;677;735;925
1501;644;724;926
1500;633;735;927
1506;636;742;928
1512;626;745;929
1547;617;749;930
1530;600;759;931
1508;594;764;932
1462;570;749;933
1432;594;776;934
1418;611;792;935
1474;615;839;936
1463;593;867;937
1434;589;913;938
1422;565;918;939
1448;540;952;940
1430;511;972;941
1437;508;961;942
1459;509;976;943
1427;493;991;944
1419;478;987;945
1446;463;987;946
1423;435;982;947
1448;416;997;948
1461;407;1013;949
1470;417;1022;950
1441;402;1035;951
1445;397;1049;952
1445;378;1076;953
1437;356;1075;954
1456;343;1086;955
1441;331;1088;956
1432;324;1098;957
1402;322;1130;958
1402;318;1126;959
1426;309;1122;960
1418;310;1123;961
1415;282;1136;962
1425;270;1112;963
1400;261;1130;964
1378;249;1151;965
1386;234;1139;966
1424;239;1117;967
1389;240;1105;968
1357;231;1107;969
1379;235;1092;970
1357;220;1096;971
1323;243;1076;972
1320;245;1075;973
1303;264;1033;974
1270;272;1015;975
1245;275;986;976
1196;277;953;977
1138;278;961;978
1118;288;945;979
1122;286;903;980
1088;293;871;981
1041;298;863;982
972;293;832;983
968;293;793;984
938;296;777;985
901;311;777;986
864;301;769;987
863;303;737;988
869;290;730;989
862;297;721;990
846;304;709;991
837;295;689;992
801;291;675;993
826;294;662;994
853;290;665;995
851;281;673;996
865;282;662;997
876;272;653;998
883;267;639;999
906;251;625;1000
937;240;625;1001
933;226;601;1002
974;226;596;1003
991;221;592;1004
1016;204;553;1005
1025;201;547;1006
1067;196;545;1007
1052;209;515;1008
1054;203;490;1009
1043;196;481;1010
1074;200;471;1011
1100;193;468;1012
1134;188;451;1013
1116;189;444;1014
1140;193;443;1015
1153;184;439;1016
1199;188;435;1017
1228;180;446;1018
1261;197;448;1019
1371;202;465;1020
1407;198;469;1021
1432;202;486;1022
1463;212;490;1023
1466;205;495;1024
1483;209;479;1025
1517;212;479;1026
1550;227;477;1027
1620;237;497;1028
1700;230;501;1029
1740;224;509;1030
1793;219;534;1031
1799;219;537;1032
1826;212;553;1033
1819;208;574;1034
1841;218;600;1035
1844;212;600;1036
1935;209;642;1037
1946;199;654;1038
1994;209;669;1039
1979;213;683;1040
2016;219;726;1041
2063;238;772;1042
2078;231;785;1043
2093;225;815;1044
2090;224;827;1045
2128;220;836;1046
2067;221;859;1047
2075;217;883;1048
2069;219;907;1049
2086;234;934;1050
2077;262;944;1051
2048;264;991;1052
2059;273;1039;1053
2073;260;1098;1054
2004;254;1122;1055
1992;252;1173;1056
1955;268;1200;1057
1916;281;1246;1058
1856;276;1267;1059
1764;291;1291;1060
1769;289;1336;1061
1766;298;1404;1062
1719;302;1472;1063
1704;299;1491;1064
1668;316;1506;1065
1608;321;1551;1066
1620;335;1616;1067
1615;349;1650;1068
1584;361;1663;1069
1526;354;1686;1070
1477;356;1729;1071
1454;347;1746;1072
1434;365;1760;1073
1413;355;1822;1074
1361;362;1843;1075
1329;369;1840;1076
1284;363;1854;1077
1210;365;1863;1078
1173;392;1844;1079
1085;402;1835;1080
1061;416;1782;1081
979;413;1739;1082
926;415;1752;1083
863;421;1740;1084
847;425;1718;1085
827;419;1661;1086
809;426;1618;1087
792;422;1586;1088
783;432;1550;1089
752;437;1517;1090
739;429;1486;1091
700;429;1472;1092
655;438;1431;1093
649;451;1404;1094
623;454;1378;1095
610;469;1321;1096
587;468;1291;1097
561;472;1278;1098
547;458;1227;1099
523;450;1187;1100
513;440;1137;1101
527;458;1073;1102
531;434;1037;1103
526;428;998;1104
524;419;964;1105
496;403;932;1106
511;384;897;1107
530;353;857;1108
519;332;812;1109
500;316;792;1110
476;292;779;1111
484;274;737;1112
503;252;687;1113
518;230;658;1114
532;216;638;1115
545;210;612;1116
560;195;582;1117
561;189;577;1118
580;175;569;1119
596;164;554;1120
604;139;526;1121
612;128;492;1122
642;117;475;1123
682;103;462;1124
695;94;449;1125
689;94;437;1126
731;96;429;1127
760;93;419;1128
820;97;411;1129
866;92;386;1130
882;88;388;1131
918;83;378;1132
969;90;361;1133
1016;90;363;1134
1045;82;371;1135
1055;81;368;1136
1129;78;375;1137
1205;88;379;1138
1239;84;374;1139
1294;80;395;1140
1318;87;418;1141
1354;82;425;1142
1392;76;421;1143
1465;72;426;1144
1511;75;442;1145
1535;70;456;1146
1623;67;465;1147
1695;73;498;1148
1747;75;522;1149
1819;76;529;1150
1830;78;545;1151
1848;75;588;1152
1862;72;592;1153
1904;72;603;1154
1973;71;630;1155
2019;69;639;1156
2034;66;660;1157
2027;66;692;1158
2054;65;731;1159
2058;63;758;1160
2071;65;795;1161
2066;74;805;1162
2065;73;812;1163
2070;81;843;1164
2061;76;858;1165
2057;79;875;1166
2044;92;920;1167
1974;89;924;1168
1940;82;964;1169
1887;80;975;1170
1844;80;978;1171
1818;92;970;1172
1764;88;1004;1173
1726;91;1047;1174
1680;89;1047;1175
1647;97;1053;1176
1583;100;1057;1177
1569;94;1078;1178
1508;93;1064;1179
1484;102;1080;1180
1437;98;1079;1181
1406;94;1086;1182
1357;92;1062;1183
1329;92;1056;1184
1344;93;1073;1185
1321;95;1056;1186
1317;93;1056;1187
1350;91;1052;1188
1356;110;1084;1189
1335;109;1120;1190
1363;100;1122;1191
1365;96;1129;1192
1358;90;1128;1193
1373;99;1102;1194
1380;89;1103;1195
1395;98;1109;1196
1436;96;1161;1197
1429;96;1188;1198
1432;90;1178;1199
1382;81;1180;1200
1418;79;1173;1201
1429;78;1227;1202
1461;77;1248;1203
1490;83;1264;1204
1477;82;1278;1205
1427;80;1276;1206
1421;76;1303;1207
1412;70;1316;1208
1401;67;1310;1209
1408;70;1310;1210
1408;75;1341;1211
1404;72;1357;1212
1393;68;1342;1213
1375;67;1364;1214
1365;72;1354;1215
1346;76;1328;1216
1303;73;1294;1217
1284;74;1283;1218
1292;78;1314;1219
1246;82;1345;1220
1282;83;1352;1221
1250;80;1350;1222
1254;83;1337;1223
1224;95;1316;1224
1171;99;1309;1225
1172;97;1312;1226
1160;91;1326;1227
1134;91;1341;1228
1175;93;1327;1229
1161;109;1328;1230
1139;117;1309;1231
1159;117;1276;1232
1149;133;1261;1233
1170;130;1272;1234
1149;150;1248;1235
1097;150;1229;1236
1099;162;1227;1237
1093;161;1193;1238
1122;162;1169;1239
1115;158;1138;1240
1130;167;1134;1241
1108;169;1138;1242
1154;174;1178;1243
1220;174;1159;1244
1223;177;1166;1245
1201;177;1159;1246
1209;174;1161;1247
1214;170;1140;1248
1222;166;1113;1249
1177;161;1119;1250
1178;151;1150;1251
1245;135;1152;1252
1249;135;1152;1253
1224;135;1154;1254
1212;135;1172;1255
1221;133;1170;1256
1221;123;1205;1257
1214;117;1228;1258
1195;107;1247;1259
1199;100;1235;1260
1175;86;1256;1261
1199;75;1247;1262
1216;66;1266;1263
1206;60;1299;1264
1226;53;1318;1265
1231;51;1339;1266
1232;54;1357;1267
1190;52;1368;1268
1180;45;1386;1269
1127;41;1405;1270
1106;44;1408;1271
1083;40;1417;1272
1105;36;1425;1273
1110;40;1429;1274
1102;38;1458;1275
1109;38;1442;1276
1127;34;1471;1277
1100;34;1480;1278
1111;38;1479;1279
1068;38;1481;1280
1097;32;1533;1281
1084;29;1551;1282
1071;26;1570;1283
1066;26;1547;1284
1048;28;1531;1285
1058;25;1536;1286
1077;24;1551;1287
1095;28;1563;1288
1117;27;1520;1289
1107;31;1513;1290
1103;31;1536;1291
1062;31;1563;1292
1098;29;1535;1293
1083;32;1505;1294
1069;31;1512;1295
1070;31;1515;1296
1095;32;1509;1297
1136;28;1462;1298
1114;32;1448;1299
1100;34;1413;1300
1087;39;1406;1301
1095;44;1380;1302
1051;50;1366;1303
1054;56;1314;1304
1035;66;1295;1305
1003;70;1270;1306
1016;68;1255;1307
1004;68;1242;1308
992;73;1201;1309
990;74;1157;1310
963;82;1127;1311
924;82;1129;1312
923;82;1107;1313
929;84;1068;1314
892;84;1044;1315
930;82;1019;1316
950;96;1009;1317
991;91;987;1318
996;90;942;1319
1006;89;914;1320
1029;94;913;1321
1075;93;916;1322
1087;103;892;1323
1096;120;902;1324
1088;127;878;1325
1137;123;882;1326
1176;122;876;1327
1187;124;875;1328
1198;141;852;1329
1213;133;870;1330
1214;130;866;1331
1240;123;868;1332
1269;120;875;1333
1271;117;859;1334
1308;117;863;1335
1379;110;873;1336
1388;108;892;1337
1400;113;908;1338
1412;116;889;1339
1492;129;879;1340
1527;136;900;1341
1553;137;891;1342
1551;128;911;1343
1595;117;914;1344
1611;120;913;1345
1649;142;941;1346
1671;138;951;1347
1714;141;955;1348
1760;148;957;1349
1804;160;971;1350
1874;163;974;1351
1922;163;1019;1352
1919;165;1043;1353
1957;173;1084;1354
2010;179;1087;1355
2088;187;1132;1356
2148;189;1117;1357
2183;184;1138;1358
2206;176;1176;1359
2255;174;1193;1360
2260;180;1236;1361
2287;165;1261;1362
2286;165;1273;1363
2309;168;1286;1364
2315;165;1313;1365
2337;160;1316;1366
2332;156;1341;1367
2285;152;1364;1368
2237;158;1398;1369
2207;159;1465;1370
2178;155;1517;1371
2139;164;1544;1372
2119;159;1547;1373
2050;161;1565;1374
1993;168;1578;1375
1959;166;1643;1376
1876;153;1675;1377
1809;147;1736;1378
1734;146;1797;1379
1626;143;1833;1380
1537;137;1867;1381
1525;136;1911;1382
1461;134;1917;1383
1415;136;1958;1384
1305;136;2018;1385
1205;128;2014;1386
1134;123;2036;1387
1088;129;2061;1388
1050;134;2077;1389
1004;135;2059;1390
970;126;2110;1391
945;118;2119;1392
914;114;2128;1393
898;109;2132;1394
859;104;2125;1395
799;100;2135;1396
786;98;2101;1397
784;92;2052;1398
744;86;1991;1399
712;80;1960;1400
665;73;1920;1401
648;69;1901;1402
638;75;1876;1403
649;77;1812;1404
657;85;1729;1405
653;87;1659;1406
638;87;1613;1407
601;79;1551;1408
598;78;1492;1409
600;80;1415;1410
571;82;1330;1411
570;90;1248;1412
553;88;1206;1413
580;101;1144;1414
557;98;1067;1415
533;96;1002;1416
539;97;954;1417
540;103;916;1418
528;102;893;1419
527;107;849;1420
505;109;795;1421
533;111;744;1422
542;117;694;1423
556;112;675;1424
554;119;649;1425
584;122;614;1426
589;125;598;1427
597;135;571;1428
601;140;548;1429
604;146;510;1430
582;151;493;1431
597;149;469;1432
633;155;439;1433
675;162;397;1434
693;168;370;1435
684;176;355;1436
706;183;340;1437
741;178;314;1438
747;180;316;1439
746;184;321;1440
775;184;321;1441
763;173;313;1442
802;180;300;1443
820;181;291;1444
831;179;284;1445
885;174;270;1446
929;175;265;1447
950;179;261;1448
976;169;265;1449
941;172;252;1450
963;174;242;1451
1021;170;233;1452
1082;174;238;1453
1118;177;229;1454
1180;188;244;1455
1248;184;243;1456
1300;193;255;1457
1348;184;244;1458
1353;186;241;1459
1416;179;257;1460
1464;181;275;1461
1516;176;295;1462
1541;169;294;1463
1631;166;310;1464
1717;157;317;1465
1793;161;334;1466
1886;150;352;1467
2002;145;369;1468
2101;155;378;1469
2205;162;379;1470
2234;154;398;1471
2336;148;393;1472
2423;144;420;1473
2472;136;421;1474
2528;129;437;1475
2507;132;456;1476
2587;139;465;1477
2621;134;477;1478
2658;130;480;1479
2743;127;505;1480
2796;125;539;1481
2807;126;554;1482
2800;131;561;1483
2719;140;572;1484
2637;138;583;1485
2631;135;608;1486
2590;159;611;1487
2538;159;637;1488
2543;158;645;1489
2495;167;652;1490
2472;178;667;1491
2435;191;666;1492
2406;188;684;1493
2380;209;700;1494
2315;214;709;1495
2286;219;697;1496
2208;225;720;1497
2184;249;725;1498
2126;263;757;1499
2103;262;755;1500
2032;275;776;1501
1980;295;774;1502
1919;302;785;1503
1835;309;805;1504
1740;321;845;1505
1682;334;853;1506
1612;349;863;1507
1550;363;872;1508
1494;367;861;1509
1428;379;885;1510
1354;399;886;1511
1313;419;879;1512
1255;441;922;1513
1234;442;915;1514
1187;451;910;1515
1136;468;898;1516
1067;485;905;1517
1054;480;892;1518
1007;492;880;1519
997;512;882;1520
987;525;855;1521
953;522;820;1522
953;513;816;1523
947;535;798;1524
945;554;810;1525
928;550;797;1526
933;544;779;1527
949;549;779;1528
947;533;816;1529
990;519;797;1530
1058;503;800;1531
1049;492;753;1532
1079;481;734;1533
1116;457;712;1534
1145;452;696;1535
1155;433;673;1536
1193;424;646;1537
1225;403;644;1538
1287;397;631;1539
1289;376;610;1540
1342;383;620;1541
1377;376;605;1542
1393;361;593;1543
1420;321;583;1544
1451;330;572;1545
1467;341;586;1546
1494;337;575;1547
1492;335;556;1548
1507;341;558;1549
1560;371;556;1550
1580;368;551;1551
1613;382;528;1552
1655;376;515;1553
1654;378;501;1554
1648;384;499;1555
1655;398;489;1556
1663;414;488;1557
1625;414;524;1558
1673;416;530;1559
1667;422;550;1560
1725;432;580;1561
1739;437;580;1562
1778;452;590;1563
1792;467;606;1564
1816;480;611;1565
1804;473;634;1566
1826;471;645;1567
1837;508;664;1568
1815;512;685;1569
1802;507;714;1570
1783;507;731;1571
1748;529;771;1572
1714;538;796;1573
1736;524;799;1574
1760;512;816;1575
1765;541;840;1576
1704;522;837;1577
1636;514;849;1578
1706;511;889;1579
1730;540;879;1580
1725;546;900;1581
1713;553;916;1582
1712;559;927;1583
1695;560;959;1584
1689;573;980;1585
1678;595;1007;1586
1663;584;1013;1587
1622;593;1033;1588
1609;614;1074;1589
1588;638;1095;1590
1556;632;1134;1591
1550;625;1145;1592
1526;629;1173;1593
1506;635;1186;1594
1475;635;1190;1595
1446;627;1211;1596
1455;646;1225;1597
1419;656;1222;1598
1349;653;1242;1599
1274;662;1218;1600
1220;696;1237;1601
1188;730;1267;1602
1164;743;1259;1603
1147;747;1284;1604
1126;741;1296;1605
1087;754;1308;1606
1044;750;1319;1607
1012;776;1312;1608
1003;762;1307;1609
966;770;1288;1610
902;781;1318;1611
859;808;1314;1612
833;795;1289;1613
802;797;1274;1614
770;794;1289;1615
773;771;1256;1616
759;756;1245;1617
793;746;1223;1618
762;722;1225;1619
747;705;1227;1620
745;683;1189;1621
704;669;1188;1622
689;630;1180;1623
684;632;1160;1624
647;608;1119;1625
655;578;1091;1626
636;538;1067;1627
666;518;1047;1628
655;491;1040;1629
626;481;986;1630
614;442;954;1631
621;414;937;1632
605;411;920;1633
626;384;879;1634
629;370;865;1635
627;367;844;1636
663;347;834;1637
678;329;809;1638
676;301;770;1639
700;285;758;1640
697;283;740;1641
709;280;697;1642
709;263;677;1643
711;266;668;1644
714;255;654;1645
718;257;637;1646
718;272;614;1647
763;278;599;1648
795;271;573;1649
844;276;554;1650
861;273;546;1651
897;275;537;1652
906;282;536;1653
942;286;542;1654
975;279;517;1655
1023;282;483;1656
1093;286;487;1657
1140;277;481;1658
1143;278;457;1659
1159;270;456;1660
1197;266;442;1661
1216;261;424;1662
1250;262;414;1663
1306;258;402;1664
1401;258;410;1665
1464;267;398;1666
1509;261;375;1667
1519;278;362;1668
1603;300;361;1669
1631;302;342;1670
1659;326;322;1671
1713;329;310;1672
1750;352;303;1673
1779;374;298;1674
1821;397;299;1675
1880;423;282;1676
1913;446;281;1677
1956;468;277;1678
2029;489;282;1679
2094;500;271;1680
2117;546;267;1681
2088;565;261;1682
2110;586;257;1683
2108;595;263;1684
2116;610;255;1685
2189;632;253;1686
2221;637;257;1687
2194;674;268;1688
2192;703;265;1689
2188;702;274;1690
2173;750;275;1691
2168;813;280;1692
2186;822;283;1693
2163;879;299;1694
2169;886;297;1695
2114;895;309;1696
2092;910;314;1697
2088;958;344;1698
2069;980;354;1699
2045;994;374;1700
2028;1005;395;1701
2020;1059;420;1702
2016;1091;437;1703
2018;1099;461;1704
2017;1150;470;1705
1993;1143;482;1706
2012;1187;496;1707
2002;1179;520;1708
1982;1186;544;1709
1918;1203;558;1710
1895;1225;557;1711
1846;1258;570;1712
1844;1244;596;1713
1800;1257;639;1714
1762;1258;655;1715
1681;1259;669;1716
1660;1237;703;1717
1612;1210;730;1718
1559;1185;732;1719
1525;1198;739;1720
1482;1173;740;1721
1430;1154;772;1722
1449;1124;830;1723
1396;1090;841;1724
1383;1049;860;1725
1349;1008;866;1726
1339;955;873;1727
1302;928;881;1728
1276;873;892;1729
1270;826;920;1730
1255;785;931;1731
1191;743;935;1732
1195;704;929;1733
1206;656;919;1734
1153;607;911;1735
1124;567;915;1736
1087;547;936;1737
1090;513;928;1738
1050;482;946;1739
1049;438;936;1740
1040;402;897;1741
1008;376;867;1742
981;375;863;1743
964;369;893;1744
936;356;881;1745
908;343;862;1746
911;318;853;1747
869;306;841;1748
847;294;855;1749
828;292;835;1750
780;284;827;1751
760;272;817;1752
750;256;804;1753
717;257;803;1754
725;257;767;1755
705;257;747;1756
692;259;731;1757
667;252;682;1758
641;248;661;1759
617;247;656;1760
615;234;646;1761
613;238;628;1762
622;239;599;1763
613;231;572;1764
617;231;553;1765
624;227;542;1766
629;221;528;1767
654;221;518;1768
655;223;506;1769
673;212;501;1770
686;212;463;1771
683;211;446;1772
685;216;428;1773
708;223;426;1774
777;213;414;1775
790;204;408;1776
868;196;398;1777
900;196;401;1778
947;200;397;1779
953;206;383;1780
979;198;366;1781
1023;209;361;1782
1046;215;351;1783
1084;211;354;1784
1116;209;352;1785
1212;205;358;1786
1263;200;348;1787
1324;190;350;1788
1361;193;365;1789
1432;184;374;1790
1482;185;370;1791
1457;188;379;1792
1500;173;368;1793
1533;174;361;1794
1565;168;362;1795
1574;168;365;1796
1635;169;351;1797
1720;172;356;1798
1803;163;355;1799
1863;156;348;1800
1882;144;368;1801
1917;147;383;1802
1984;152;376;1803
2054;174;372;1804
2081;172;367;1805
2133;175;386;1806
2162;176;403;1807
2140;180;423;1808
2165;182;437;1809
2163;178;446;1810
2215;195;475;1811
2198;202;500;1812
2159;206;503;1813
2159;203;540;1814
2088;216;556;1815
2091;230;568;1816
2045;228;593;1817
2051;230;588;1818
2032;235;626;1819
1987;243;633;1820
1946;243;646;1821
1930;239;664;1822
1918;246;670;1823
1920;273;679;1824
1978;272;709;1825
1990;276;720;1826
2005;299;751;1827
1997;322;792;1828
1948;328;799;1829
1974;330;794;1830
1930;333;801;1831
1942;351;810;1832
1958;360;820;1833
2006;377;835;1834
1956;387;863;1835
1941;417;858;1836
1934;429;878;1837
1901;432;910;1838
1938;434;943;1839
1845;442;941;1840
1808;455;945;1841
1766;472;953;1842
1681;479;965;1843
1666;496;972;1844
1663;525;988;1845
1683;555;995;1846
1667;563;1017;1847
1621;587;1025;1848
1543;609;1042;1849
1524;623;1056;1850
1439;631;1046;1851
1353;639;1073;1852
1346;656;1097;1853
1311;659;1116;1854
1327;659;1107;1855
1269;673;1125;1856
1269;697;1130;1857
1233;731;1149;1858
1207;737;1195;1859
1182;729;1218;1860
1144;728;1227;1861
1092;728;1217;1862
1062;713;1221;1863
1034;677;1238;1864
1023;671;1187;1865
995;700;1150;1866
961;677;1138;1867
961;673;1137;1868
947;677;1140;1869
965;658;1136;1870
960;647;1107;1871
977;636;1107;1872
975;614;1101;1873
955;575;1128;1874
954;555;1134;1875
987;521;1123;1876
968;506;1110;1877
939;490;1093;1878
937;471;1065;1879
933;440;1007;1880
944;436;981;1881
961;422;974;1882
930;405;932;1883
887;387;905;1884
892;338;878;1885
888;324;848;1886
886;303;816;1887
840;299;812;1888
818;286;802;1889
796;275;804;1890
814;260;780;1891
779;244;749;1892
770;239;744;1893
732;228;716;1894
708;225;725;1895
678;212;712;1896
661;203;716;1897
650;198;722;1898
659;183;718;1899
635;178;704;1900
615;168;678;1901
587;161;665;1902
607;145;668;1903
609;154;650;1904
591;143;655;1905
559;145;639;1906
571;132;657;1907
581;120;647;1908
563;113;640;1909
577;110;638;1910
586;104;643;1911
597;100;652;1912
593;97;644;1913
619;88;618;1914
623;73;603;1915
632;72;604;1916
649;64;601;1917
670;65;579;1918
656;58;579;1919
689;56;579;1920
716;55;566;1921
747;57;540;1922
773;42;534;1923
783;39;520;1924
804;33;522;1925
827;31;523;1926
819;27;513;1927
812;23;495;1928
817;22;485;1929
882;20;471;1930
929;17;473;1931
972;17;479;1932
993;17;485;1933
1010;17;491;1934
1057;16;467;1935
1082;19;468;1936
1111;18;466;1937
1164;17;443;1938
1204;17;437;1939
1228;16;443;1940
1287;12;445;1941
1309;11;454;1942
1340;11;456;1943
1399;10;438;1944
1451;14;442;1945
1490;14;447;1946
1538;14;440;1947
1602;14;452;1948
1666;13;463;1949
1709;13;456;1950
1756;13;440;1951
1847;13;453;1952
1920;13;454;1953
1953;12;455;1954
2030;13;460;1955
2121;13;490;1956
2130;19;500;1957
2208;19;514;1958
2260;25;511;1959
2362;25;519;1960
2432;30;536;1961
2454;30;557;1962
2521;29;572;1963
2590;31;591;1964
2663;31;616;1965
2675;31;663;1966
2759;31;667;1967
2717;32;660;1968
2731;34;689;1969
2723;34;727;1970
2713;35;782;1971
2756;51;806;1972
2790;48;824;1973
2764;71;871;1974
2767;75;896;1975
2704;74;969;1976
2651;74;1033;1977
2583;81;1083;1978
2535;81;1135;1979
2486;83;1171;1980
2442;87;1198;1981
2273;93;1260;1982
2228;91;1324;1983
2165;92;1348;1984
2110;95;1393;1985
2024;103;1450;1986
1975;102;1493;1987
1894;107;1527;1988
1826;112;1542;1989
1712;117;1580;1990
1660;133;1613;1991
1581;137;1670;1992
1520;144;1663;1993
1454;140;1681;1994
1375;140;1737;1995
1350;141;1782;1996
1344;141;1785;1997
1287;143;1799;1998
1251;145;1805;1999
