prey;predator;iteration
388;97;0
385;97;1
379;97;2
374;97;3
378;97;4
384;97;5
424;97;6
457;97;7
491;97;8
558;100;9
596;105;10
623;109;11
647;109;12
680;111;13
682;115;14
698;118;15
711;125;16
738;97;17
769;94;18
798;91;19
803;89;20
819;98;21
840;99;22
899;91;23
944;85;24
975;89;25
1021;82;26
1069;83;27
1128;81;28
1187;85;29
1270;89;30
1335;93;31
1368;89;32
1448;104;33
1514;95;34
1549;94;35
1653;99;36
1696;100;37
1760;111;38
1833;114;39
1912;119;40
1964;135;41
2012;137;42
2051;138;43
2112;147;44
2112;153;45
2184;156;46
2308;165;47
2417;165;48
2456;178;49
2469;193;50
2516;196;51
2558;193;52
2644;208;53
2677;220;54
2697;230;55
2741;235;56
2793;247;57
2899;252;58
2962;263;59
3022;269;60
3101;286;61
3093;306;62
3077;313;63
3066;321;64
3089;322;65
3105;340;66
3101;361;67
3087;376;68
3070;387;69
3041;412;70
3056;423;71
2999;444;72
2992;456;73
2893;485;74
2838;497;75
2797;514;76
2722;536;77
2678;559;78
2590;592;79
2517;594;80
2486;603;81
2442;611;82
2402;631;83
2356;635;84
2278;641;85
2248;636;86
2196;680;87
2149;729;88
2088;760;89
2043;793;90
2034;810;91
2013;796;92
1980;810;93
1901;811;94
1851;833;95
1821;835;96
1779;824;97
1731;858;98
1721;879;99
1674;866;100
1615;878;101
1556;873;102
1501;882;103
1494;895;104
1440;902;105
1409;905;106
1334;893;107
1282;886;108
1242;886;109
1209;897;110
1195;890;111
1151;893;112
1109;888;113
1076;898;114
1037;879;115
1001;845;116
961;818;117
911;815;118
877;812;119
828;818;120
770;807;121
719;796;122
703;799;123
654;775;124
624;764;125
580;732;126
555;741;127
533;718;128
512;718;129
500;686;130
476;654;131
453;631;132
402;626;133
378;603;134
349;590;135
330;569;136
323;555;137
313;530;138
278;512;139
247;483;140
223;441;141
218;421;142
204;407;143
186;401;144
162;371;145
141;363;146
125;353;147
101;342;148
91;328;149
87;304;150
82;294;151
75;280;152
67;265;153
66;243;154
63;235;155
54;222;156
50;197;157
47;193;158
41;173;159
33;161;160
42;153;161
38;140;162
39;137;163
45;121;164
43;111;165
45;99;166
44;98;167
42;90;168
46;75;169
46;66;170
54;64;171
49;59;172
48;50;173
55;48;174
56;42;175
56;38;176
53;38;177
52;30;178
50;30;179
49;22;180
51;16;181
53;12;182
56;7;183
52;7;184
57;4;185
59;4;186
59;2;187
67;1;188
66;1;189
70;1;190
70;1;191
69;1;192
68;1;193
64;1;194
65;0;195
72;0;196
67;0;197
72;0;198
80;0;199
85;0;200
87;0;201
89;0;202
92;0;203
85;0;204
82;0;205
86;0;206
97;0;207
96;0;208
100;0;209
98;0;210
91;0;211
100;0;212
97;0;213
99;0;214
103;0;215
104;0;216
117;0;217
119;0;218
120;0;219
123;0;220
133;0;221
128;0;222
132;0;223
136;0;224
137;0;225
148;0;226
153;0;227
156;0;228
158;0;229
170;0;230
167;0;231
178;0;232
192;0;233
211;0;234
228;0;235
238;0;236
245;0;237
265;0;238
284;0;239
280;0;240
282;0;241
324;0;242
327;0;243
340;0;244
351;0;245
368;0;246
394;0;247
426;0;248
440;0;249
464;0;250
488;0;251
513;0;252
570;0;253
612;0;254
640;0;255
656;0;256
682;0;257
679;0;258
717;0;259
736;0;260
770;0;261
781;0;262
815;0;263
835;0;264
880;0;265
945;0;266
963;0;267
1010;0;268
1017;0;269
1037;0;270
1089;0;271
1148;0;272
1195;0;273
1236;0;274
1265;0;275
1304;0;276
1353;0;277
1427;0;278
1438;0;279
1471;0;280
1539;0;281
1582;0;282
1672;0;283
1703;0;284
1727;0;285
1812;0;286
1865;0;287
1886;0;288
1958;0;289
2022;0;290
2098;0;291
2217;0;292
2300;0;293
2397;0;294
2454;0;295
2528;0;296
2548;0;297
2533;0;298
2604;0;299
2700;0;300
2781;0;301
2843;0;302
2928;0;303
3010;0;304
3132;0;305
3149;0;306
3211;0;307
3260;0;308
3277;0;309
3358;0;310
3432;0;311
3471;0;312
3542;0;313
3672;0;314
3752;0;315
3810;0;316
3859;0;317
3948;0;318
3940;0;319
4003;0;320
4026;0;321
4137;0;322
4251;0;323
4298;0;324
4355;0;325
4389;0;326
4483;0;327
4541;0;328
4609;0;329
4677;0;330
4675;0;331
4724;0;332
4742;0;333
4784;0;334
4838;0;335
4916;0;336
4982;0;337
5066;0;338
5101;0;339
5060;0;340
5049;0;341
5126;0;342
5220;0;343
5290;0;344
5372;0;345
5392;0;346
5456;0;347
5546;0;348
5610;0;349
5674;0;350
5693;0;351
5711;0;352
5733;0;353
5676;0;354
5629;0;355
5624;0;356
5690;0;357
5592;0;358
5548;0;359
5523;0;360
5453;0;361
5355;0;362
5390;0;363
5350;0;364
5304;0;365
5271;0;366
5266;0;367
5199;0;368
5183;0;369
5176;0;370
5251;0;371
5225;0;372
5167;0;373
5191;0;374
5127;0;375
5055;0;376
5028;0;377
4981;0;378
4933;0;379
4980;0;380
4948;0;381
4923;0;382
4931;0;383
4950;0;384
4925;0;385
4927;0;386
4892;0;387
4911;0;388
4926;0;389
4987;0;390
5042;0;391
5048;0;392
5084;0;393
5197;0;394
5237;0;395
5172;0;396
5204;0;397
5224;0;398
5201;0;399
5234;0;400
5304;0;401
5296;0;402
5307;0;403
5327;0;404
5357;0;405
5347;0;406
5366;0;407
5464;0;408
5486;0;409
5498;0;410
5551;0;411
5559;0;412
5581;0;413
5582;0;414
5567;0;415
5609;0;416
5567;0;417
5539;0;418
5521;0;419
5580;0;420
5554;0;421
5539;0;422
5497;0;423
5500;0;424
5488;0;425
5468;0;426
5402;0;427
5367;0;428
5343;0;429
5372;0;430
5372;0;431
5369;0;432
5432;0;433
5388;0;434
5442;0;435
5392;0;436
5396;0;437
5378;0;438
5452;0;439
5518;0;440
5498;0;441
5468;0;442
5497;0;443
5421;0;444
5358;0;445
5367;0;446
5401;0;447
5333;0;448
5252;0;449
5220;0;450
5141;0;451
5207;0;452
5262;0;453
5305;0;454
5215;0;455
5124;0;456
5136;0;457
5083;0;458
5061;0;459
5076;0;460
5160;0;461
5138;0;462
5136;0;463
5195;0;464
5198;0;465
5223;0;466
5272;0;467
5226;0;468
5196;0;469
5140;0;470
5204;0;471
5260;0;472
5263;0;473
5336;0;474
5365;0;475
5355;0;476
5405;0;477
5348;0;478
5286;0;479
5286;0;480
5337;0;481
5309;0;482
5304;0;483
5231;0;484
5261;0;485
5263;0;486
5211;0;487
5257;0;488
5237;0;489
5250;0;490
5177;0;491
5246;0;492
5168;0;493
5122;0;494
5156;0;495
5107;0;496
5146;0;497
5215;0;498
5248;0;499
5203;0;500
5150;0;501
5199;0;502
5197;0;503
5144;0;504
5139;0;505
5136;0;506
5174;0;507
5103;0;508
5111;0;509
5199;0;510
5197;0;511
5185;0;512
5149;0;513
5208;0;514
5196;0;515
5206;0;516
5226;0;517
5184;0;518
5228;0;519
5322;0;520
5350;0;521
5418;0;522
5477;0;523
5450;0;524
5432;0;525
5388;0;526
5494;0;527
5518;0;528
5570;0;529
5574;0;530
5552;0;531
5570;0;532
5523;0;533
5490;0;534
5515;0;535
5502;0;536
5547;0;537
5526;0;538
5527;0;539
5526;0;540
5549;0;541
5572;0;542
5480;0;543
5524;0;544
5507;0;545
5477;0;546
5491;0;547
5512;0;548
5539;0;549
5485;0;550
5526;0;551
5509;0;552
5445;0;553
5318;0;554
5310;0;555
5312;0;556
5256;0;557
5290;0;558
5273;0;559
5212;0;560
5207;0;561
5126;0;562
5125;0;563
5088;0;564
5113;0;565
5084;0;566
4961;0;567
4985;0;568
5031;0;569
5079;0;570
5059;0;571
5027;0;572
5051;0;573
5024;0;574
4959;0;575
4964;0;576
4973;0;577
5024;0;578
5059;0;579
5090;0;580
5089;0;581
5176;0;582
5245;0;583
5199;0;584
5150;0;585
5154;0;586
5120;0;587
5111;0;588
5058;0;589
5076;0;590
5086;0;591
5110;0;592
5113;0;593
5092;0;594
5088;0;595
5091;0;596
5075;0;597
5115;0;598
5135;0;599
5181;0;600
5255;0;601
5248;0;602
5259;0;603
5294;0;604
5321;0;605
5327;0;606
5346;0;607
5349;0;608
5365;0;609
5382;0;610
5381;0;611
5354;0;612
5311;0;613
5229;0;614
5276;0;615
5272;0;616
5245;0;617
5270;0;618
5317;0;619
5284;0;620
5307;0;621
5290;0;622
5246;0;623
5269;0;624
5300;0;625
5228;0;626
5218;0;627
5213;0;628
5268;0;629
5247;0;630
5180;0;631
5263;0;632
5220;0;633
5133;0;634
5147;0;635
5169;0;636
5178;0;637
5208;0;638
5161;0;639
5114;0;640
5068;0;641
5127;0;642
5176;0;643
5196;0;644
5187;0;645
5278;0;646
5300;0;647
5251;0;648
5251;0;649
5243;0;650
5229;0;651
5200;0;652
5134;0;653
5134;0;654
5164;0;655
5197;0;656
5140;0;657
5113;0;658
5089;0;659
5101;0;660
5110;0;661
5100;0;662
5086;0;663
5117;0;664
5116;0;665
5195;0;666
5165;0;667
5209;0;668
5187;0;669
5178;0;670
5196;0;671
5204;0;672
5210;0;673
5085;0;674
5028;0;675
5030;0;676
4996;0;677
4969;0;678
4986;0;679
4937;0;680
4965;0;681
4984;0;682
4983;0;683
4937;0;684
4894;0;685
4908;0;686
4982;0;687
4960;0;688
4986;0;689
4998;0;690
4999;0;691
5084;0;692
5103;0;693
5111;0;694
5133;0;695
5142;0;696
5106;0;697
5115;0;698
5134;0;699
5105;0;700
5122;0;701
5121;0;702
5021;0;703
4991;0;704
4979;0;705
5032;0;706
4976;0;707
4994;0;708
5008;0;709
5003;0;710
5039;0;711
5068;0;712
5034;0;713
5011;0;714
5054;0;715
5059;0;716
5078;0;717
5054;0;718
5110;0;719
5145;0;720
5165;0;721
5071;0;722
5208;0;723
5216;0;724
5240;0;725
5315;0;726
5264;0;727
5257;0;728
5300;0;729
5357;0;730
5396;0;731
5333;0;732
5374;0;733
5347;0;734
5382;0;735
5444;0;736
5474;0;737
5491;0;738
5501;0;739
5553;0;740
5598;0;741
5625;0;742
5628;0;743
5582;0;744
5562;0;745
5544;0;746
5473;0;747
5483;0;748
5583;0;749
5586;0;750
5582;0;751
5525;0;752
5420;0;753
5455;0;754
5434;0;755
5395;0;756
5333;0;757
5393;0;758
5398;0;759
5377;0;760
5406;0;761
5354;0;762
5312;0;763
5316;0;764
5327;0;765
5264;0;766
5250;0;767
5288;0;768
5310;0;769
5216;0;770
5269;0;771
5262;0;772
5222;0;773
5213;0;774
5212;0;775
5213;0;776
5179;0;777
5198;0;778
5265;0;779
5280;0;780
5232;0;781
5253;0;782
5217;0;783
5208;0;784
5232;0;785
5241;0;786
5277;0;787
5259;0;788
5304;0;789
5275;0;790
5254;0;791
5257;0;792
5213;0;793
5245;0;794
5211;0;795
5164;0;796
5188;0;797
5190;0;798
5213;0;799
5203;0;800
5230;0;801
5208;0;802
5285;0;803
5346;0;804
5330;0;805
5378;0;806
5322;0;807
5355;0;808
5389;0;809
5318;0;810
5246;0;811
5241;0;812
5208;0;813
5196;0;814
5219;0;815
5254;0;816
5256;0;817
5314;0;818
5285;0;819
5243;0;820
5196;0;821
5176;0;822
5206;0;823
5188;0;824
5193;0;825
5232;0;826
5308;0;827
5336;0;828
5263;0;829
5270;0;830
5266;0;831
5279;0;832
5294;0;833
5310;0;834
5308;0;835
5335;0;836
5348;0;837
5340;0;838
5382;0;839
5483;0;840
5413;0;841
5396;0;842
5426;0;843
5465;0;844
5535;0;845
5540;0;846
5573;0;847
5593;0;848
5544;0;849
5557;0;850
5546;0;851
5504;0;852
5545;0;853
5576;0;854
5530;0;855
5501;0;856
5554;0;857
5500;0;858
5482;0;859
5445;0;860
5375;0;861
5355;0;862
5411;0;863
5460;0;864
5460;0;865
5370;0;866
5343;0;867
5347;0;868
5294;0;869
5279;0;870
5207;0;871
5207;0;872
5169;0;873
5189;0;874
5208;0;875
5220;0;876
5299;0;877
5287;0;878
5226;0;879
5215;0;880
5216;0;881
5287;0;882
5254;0;883
5267;0;884
5263;0;885
5218;0;886
5222;0;887
5206;0;888
5219;0;889
5195;0;890
5238;0;891
5215;0;892
5214;0;893
5215;0;894
5274;0;895
5204;0;896
5206;0;897
5166;0;898
5237;0;899
5214;0;900
5209;0;901
5187;0;902
5225;0;903
5278;0;904
5266;0;905
5242;0;906
5216;0;907
5174;0;908
5176;0;909
5128;0;910
5124;0;911
5069;0;912
5087;0;913
5121;0;914
5065;0;915
5011;0;916
5107;0;917
5092;0;918
5081;0;919
5070;0;920
5055;0;921
5085;0;922
5060;0;923
5091;0;924
5137;0;925
5270;0;926
5308;0;927
5379;0;928
5378;0;929
5329;0;930
5455;0;931
5549;0;932
5521;0;933
5573;0;934
5648;0;935
5653;0;936
5638;0;937
5689;0;938
5698;0;939
5740;0;940
5765;0;941
5720;0;942
5688;0;943
5675;0;944
5657;0;945
5610;0;946
5539;0;947
5473;0;948
5452;0;949
5398;0;950
5311;0;951
5297;0;952
5283;0;953
5220;0;954
5159;0;955
5094;0;956
5043;0;957
5062;0;958
5003;0;959
5105;0;960
5026;0;961
5033;0;962
5040;0;963
5139;0;964
5121;0;965
5207;0;966
5219;0;967
5213;0;968
5174;0;969
5174;0;970
5221;0;971
5254;0;972
5270;0;973
5312;0;974
5361;0;975
5307;0;976
5358;0;977
5404;0;978
5458;0;979
5408;0;980
5439;0;981
5427;0;982
5438;0;983
5503;0;984
5526;0;985
5575;0;986
5566;0;987
5595;0;988
5561;0;989
5561;0;990
5574;0;991
5684;0;992
5655;0;993
5719;0;994
5667;0;995
5664;0;996
5642;0;997
5651;0;998
5651;0;999
5597;0;1000
5602;0;1001
5506;0;1002
5539;0;1003
5510;0;1004
5514;0;1005
5508;0;1006
5533;0;1007
5449;0;1008
5509;0;1009
5454;0;1010
5430;0;1011
5390;0;1012
5403;0;1013
5381;0;1014
5395;0;1015
5367;0;1016
5388;0;1017
5379;0;1018
5302;0;1019
5390;0;1020
5403;0;1021
5417;0;1022
5343;0;1023
5378;0;1024
5398;0;1025
5393;0;1026
5413;0;1027
5460;0;1028
5470;0;1029
5481;0;1030
5525;0;1031
5547;0;1032
5509;0;1033
5458;0;1034
5478;0;1035
5405;0;1036
5471;0;1037
5527;0;1038
5516;0;1039
5537;0;1040
5461;0;1041
5430;0;1042
5345;0;1043
5336;0;1044
5296;0;1045
5255;0;1046
5196;0;1047
5199;0;1048
5177;0;1049
5244;0;1050
5218;0;1051
5305;0;1052
5250;0;1053
5168;0;1054
5088;0;1055
5165;0;1056
5093;0;1057
5181;0;1058
5166;0;1059
5161;0;1060
5159;0;1061
5195;0;1062
5175;0;1063
5126;0;1064
5153;0;1065
5152;0;1066
5164;0;1067
5112;0;1068
5081;0;1069
5148;0;1070
5193;0;1071
5171;0;1072
5132;0;1073
5057;0;1074
5057;0;1075
5109;0;1076
5134;0;1077
5139;0;1078
5148;0;1079
5238;0;1080
5237;0;1081
5257;0;1082
5227;0;1083
5242;0;1084
5240;0;1085
5226;0;1086
5186;0;1087
5176;0;1088
5247;0;1089
5311;0;1090
5326;0;1091
5255;0;1092
5278;0;1093
5255;0;1094
5183;0;1095
5140;0;1096
5161;0;1097
5104;0;1098
5090;0;1099
5081;0;1100
5085;0;1101
5172;0;1102
5188;0;1103
5180;0;1104
5141;0;1105
5120;0;1106
5109;0;1107
5151;0;1108
5123;0;1109
5098;0;1110
5167;0;1111
5250;0;1112
5321;0;1113
5367;0;1114
5404;0;1115
5436;0;1116
5488;0;1117
5437;0;1118
5447;0;1119
5454;0;1120
5456;0;1121
5467;0;1122
5421;0;1123
5476;0;1124
5497;0;1125
5493;0;1126
5447;0;1127
5395;0;1128
5333;0;1129
5271;0;1130
5322;0;1131
5359;0;1132
5326;0;1133
5338;0;1134
5280;0;1135
5317;0;1136
5318;0;1137
5324;0;1138
5359;0;1139
5294;0;1140
5244;0;1141
5337;0;1142
5344;0;1143
5290;0;1144
5254;0;1145
5325;0;1146
5291;0;1147
5274;0;1148
5317;0;1149
5275;0;1150
5336;0;1151
5277;0;1152
5240;0;1153
5193;0;1154
5186;0;1155
5184;0;1156
5266;0;1157
5244;0;1158
5199;0;1159
5272;0;1160
5324;0;1161
5261;0;1162
5280;0;1163
5265;0;1164
5260;0;1165
5332;0;1166
5300;0;1167
5283;0;1168
5324;0;1169
5360;0;1170
5391;0;1171
5497;0;1172
5494;0;1173
5403;0;1174
5383;0;1175
5401;0;1176
5389;0;1177
5394;0;1178
5345;0;1179
5288;0;1180
5264;0;1181
5178;0;1182
5255;0;1183
5251;0;1184
5212;0;1185
5222;0;1186
5214;0;1187
5182;0;1188
5115;0;1189
5100;0;1190
5085;0;1191
4978;0;1192
5025;0;1193
4983;0;1194
5028;0;1195
5024;0;1196
4975;0;1197
5035;0;1198
4936;0;1199
4922;0;1200
4898;0;1201
4948;0;1202
4959;0;1203
4953;0;1204
4963;0;1205
5025;0;1206
5082;0;1207
5147;0;1208
5173;0;1209
5163;0;1210
5200;0;1211
5239;0;1212
5253;0;1213
5210;0;1214
5305;0;1215
5301;0;1216
5289;0;1217
5289;0;1218
5294;0;1219
5233;0;1220
5173;0;1221
5176;0;1222
5156;0;1223
5096;0;1224
5119;0;1225
5103;0;1226
5045;0;1227
5104;0;1228
5130;0;1229
5086;0;1230
5058;0;1231
5052;0;1232
5078;0;1233
5066;0;1234
5106;0;1235
5155;0;1236
5190;0;1237
5198;0;1238
5304;0;1239
5378;0;1240
5340;0;1241
5381;0;1242
5320;0;1243
5307;0;1244
5327;0;1245
5356;0;1246
5364;0;1247
5311;0;1248
5373;0;1249
5443;0;1250
5427;0;1251
5412;0;1252
5466;0;1253
5435;0;1254
5365;0;1255
5326;0;1256
5310;0;1257
5327;0;1258
5332;0;1259
5247;0;1260
5206;0;1261
5273;0;1262
5312;0;1263
5294;0;1264
5228;0;1265
5198;0;1266
5218;0;1267
5215;0;1268
5174;0;1269
5207;0;1270
5151;0;1271
5224;0;1272
5187;0;1273
5191;0;1274
5243;0;1275
5262;0;1276
5322;0;1277
5294;0;1278
5276;0;1279
5276;0;1280
5310;0;1281
5292;0;1282
5281;0;1283
5322;0;1284
5445;0;1285
5419;0;1286
5482;0;1287
5463;0;1288
5483;0;1289
5460;0;1290
5406;0;1291
5394;0;1292
5410;0;1293
5445;0;1294
5439;0;1295
5405;0;1296
5389;0;1297
5427;0;1298
5508;0;1299
5488;0;1300
5393;0;1301
5374;0;1302
5323;0;1303
5274;0;1304
5251;0;1305
5259;0;1306
5220;0;1307
5226;0;1308
5236;0;1309
5129;0;1310
5180;0;1311
5183;0;1312
5129;0;1313
5172;0;1314
5148;0;1315
5150;0;1316
5140;0;1317
5138;0;1318
5161;0;1319
5189;0;1320
5197;0;1321
5208;0;1322
5221;0;1323
5241;0;1324
5296;0;1325
5382;0;1326
5283;0;1327
5296;0;1328
5317;0;1329
5307;0;1330
5300;0;1331
5279;0;1332
5343;0;1333
5384;0;1334
5404;0;1335
5399;0;1336
5419;0;1337
5389;0;1338
5325;0;1339
5298;0;1340
5263;0;1341
5276;0;1342
5213;0;1343
5191;0;1344
5255;0;1345
5214;0;1346
5235;0;1347
5281;0;1348
5348;0;1349
5403;0;1350
5429;0;1351
5435;0;1352
5512;0;1353
5540;0;1354
5554;0;1355
5547;0;1356
5566;0;1357
5598;0;1358
5681;0;1359
5689;0;1360
5685;0;1361
5615;0;1362
5568;0;1363
5509;0;1364
5479;0;1365
5435;0;1366
5478;0;1367
5488;0;1368
5396;0;1369
5348;0;1370
5358;0;1371
5307;0;1372
5290;0;1373
5253;0;1374
5231;0;1375
5214;0;1376
5182;0;1377
5136;0;1378
5153;0;1379
5174;0;1380
5205;0;1381
5157;0;1382
5154;0;1383
5185;0;1384
5211;0;1385
5210;0;1386
5239;0;1387
5303;0;1388
5355;0;1389
5317;0;1390
5362;0;1391
5304;0;1392
5319;0;1393
5409;0;1394
5434;0;1395
5427;0;1396
5394;0;1397
5465;0;1398
5362;0;1399
5250;0;1400
5211;0;1401
5226;0;1402
5208;0;1403
5186;0;1404
5129;0;1405
5154;0;1406
5074;0;1407
5102;0;1408
5117;0;1409
5131;0;1410
5116;0;1411
5107;0;1412
5054;0;1413
5055;0;1414
5132;0;1415
5223;0;1416
5237;0;1417
5173;0;1418
5295;0;1419
5247;0;1420
5239;0;1421
5313;0;1422
5297;0;1423
5336;0;1424
5291;0;1425
5248;0;1426
5259;0;1427
5207;0;1428
5227;0;1429
5264;0;1430
5306;0;1431
5335;0;1432
5304;0;1433
5368;0;1434
5311;0;1435
5365;0;1436
5370;0;1437
5300;0;1438
5299;0;1439
5252;0;1440
5240;0;1441
5207;0;1442
5163;0;1443
5217;0;1444
5242;0;1445
5312;0;1446
5352;0;1447
5344;0;1448
5420;0;1449
5426;0;1450
5387;0;1451
5280;0;1452
5229;0;1453
5296;0;1454
5337;0;1455
5372;0;1456
5322;0;1457
5335;0;1458
5385;0;1459
5350;0;1460
5358;0;1461
5276;0;1462
5278;0;1463
5236;0;1464
5185;0;1465
5198;0;1466
5176;0;1467
5174;0;1468
5175;0;1469
5236;0;1470
5205;0;1471
5210;0;1472
5243;0;1473
5290;0;1474
5298;0;1475
5240;0;1476
5267;0;1477
5256;0;1478
5213;0;1479
5247;0;1480
5256;0;1481
5247;0;1482
5222;0;1483
5317;0;1484
5303;0;1485
5276;0;1486
5301;0;1487
5260;0;1488
5224;0;1489
5241;0;1490
5234;0;1491
5157;0;1492
5156;0;1493
5165;0;1494
5222;0;1495
5168;0;1496
5174;0;1497
5199;0;1498
5163;0;1499
5092;0;1500
5070;0;1501
5000;0;1502
5010;0;1503
5003;0;1504
5100;0;1505
5085;0;1506
5063;0;1507
5099;0;1508
5129;0;1509
5138;0;1510
5106;0;1511
5106;0;1512
5125;0;1513
5177;0;1514
5192;0;1515
5144;0;1516
5224;0;1517
5252;0;1518
5285;0;1519
5339;0;1520
5285;0;1521
5299;0;1522
5321;0;1523
5375;0;1524
5392;0;1525
5333;0;1526
5299;0;1527
5267;0;1528
5253;0;1529
5232;0;1530
5207;0;1531
5229;0;1532
5211;0;1533
5177;0;1534
5154;0;1535
5127;0;1536
5107;0;1537
5048;0;1538
5023;0;1539
4974;0;1540
4910;0;1541
4958;0;1542
5053;0;1543
4982;0;1544
4974;0;1545
5026;0;1546
5043;0;1547
5035;0;1548
4975;0;1549
4947;0;1550
4869;0;1551
4753;0;1552
4752;0;1553
4764;0;1554
4747;0;1555
4772;0;1556
4825;0;1557
4880;0;1558
4878;0;1559
4984;0;1560
5039;0;1561
5120;0;1562
5171;0;1563
5171;0;1564
5247;0;1565
5281;0;1566
5335;0;1567
5379;0;1568
5403;0;1569
5403;0;1570
5399;0;1571
5338;0;1572
5403;0;1573
5374;0;1574
5305;0;1575
5384;0;1576
5293;0;1577
5231;0;1578
5235;0;1579
5252;0;1580
5268;0;1581
5290;0;1582
5345;0;1583
5334;0;1584
5283;0;1585
5287;0;1586
5260;0;1587
5387;0;1588
5357;0;1589
5356;0;1590
5398;0;1591
5339;0;1592
5278;0;1593
5292;0;1594
5265;0;1595
5306;0;1596
5334;0;1597
5322;0;1598
5250;0;1599
5285;0;1600
5344;0;1601
5379;0;1602
5357;0;1603
5338;0;1604
5405;0;1605
5421;0;1606
5383;0;1607
5450;0;1608
5450;0;1609
5450;0;1610
5461;0;1611
5440;0;1612
5394;0;1613
5444;0;1614
5447;0;1615
5482;0;1616
5417;0;1617
5460;0;1618
5501;0;1619
5449;0;1620
5290;0;1621
5277;0;1622
5304;0;1623
5273;0;1624
5291;0;1625
5283;0;1626
5273;0;1627
5256;0;1628
5335;0;1629
5398;0;1630
5297;0;1631
5236;0;1632
5283;0;1633
5279;0;1634
5275;0;1635
5254;0;1636
5289;0;1637
5355;0;1638
5336;0;1639
5252;0;1640
5269;0;1641
5239;0;1642
5219;0;1643
5268;0;1644
5225;0;1645
5221;0;1646
5296;0;1647
5276;0;1648
5264;0;1649
5213;0;1650
5202;0;1651
5224;0;1652
5241;0;1653
5278;0;1654
5343;0;1655
5343;0;1656
5339;0;1657
5376;0;1658
5427;0;1659
5406;0;1660
5418;0;1661
5405;0;1662
5406;0;1663
5391;0;1664
5403;0;1665
5408;0;1666
5434;0;1667
5465;0;1668
5438;0;1669
5357;0;1670
5326;0;1671
5343;0;1672
5274;0;1673
5222;0;1674
5228;0;1675
5178;0;1676
5165;0;1677
5088;0;1678
5149;0;1679
5121;0;1680
5132;0;1681
5233;0;1682
5165;0;1683
5184;0;1684
5192;0;1685
5169;0;1686
5175;0;1687
5184;0;1688
5176;0;1689
5199;0;1690
5269;0;1691
5290;0;1692
5355;0;1693
5373;0;1694
5301;0;1695
5328;0;1696
5368;0;1697
5283;0;1698
5252;0;1699
5234;0;1700
5235;0;1701
5241;0;1702
5235;0;1703
5243;0;1704
5294;0;1705
5311;0;1706
5286;0;1707
5341;0;1708
5327;0;1709
5353;0;1710
5389;0;1711
5317;0;1712
5277;0;1713
5273;0;1714
5318;0;1715
5329;0;1716
5268;0;1717
5207;0;1718
5224;0;1719
5174;0;1720
5141;0;1721
5136;0;1722
5165;0;1723
5056;0;1724
5029;0;1725
5037;0;1726
5029;0;1727
5115;0;1728
5111;0;1729
5110;0;1730
5109;0;1731
5101;0;1732
5124;0;1733
5119;0;1734
5056;0;1735
5015;0;1736
4939;0;1737
4978;0;1738
4949;0;1739
5054;0;1740
5077;0;1741
4940;0;1742
4983;0;1743
4958;0;1744
4978;0;1745
4902;0;1746
4897;0;1747
4932;0;1748
4957;0;1749
4949;0;1750
4978;0;1751
4925;0;1752
4988;0;1753
5053;0;1754
5090;0;1755
5017;0;1756
5033;0;1757
5075;0;1758
5040;0;1759
5108;0;1760
5034;0;1761
5088;0;1762
5102;0;1763
5061;0;1764
5014;0;1765
5034;0;1766
5034;0;1767
5024;0;1768
4957;0;1769
4869;0;1770
4927;0;1771
4984;0;1772
4942;0;1773
5007;0;1774
4978;0;1775
4976;0;1776
4995;0;1777
5052;0;1778
5032;0;1779
5073;0;1780
5156;0;1781
5121;0;1782
5091;0;1783
5209;0;1784
5315;0;1785
5370;0;1786
5415;0;1787
5418;0;1788
5407;0;1789
5407;0;1790
5408;0;1791
5392;0;1792
5395;0;1793
5381;0;1794
5396;0;1795
5389;0;1796
5319;0;1797
5349;0;1798
5363;0;1799
5282;0;1800
5223;0;1801
5220;0;1802
5190;0;1803
5157;0;1804
5154;0;1805
5070;0;1806
5129;0;1807
5137;0;1808
5081;0;1809
5091;0;1810
5069;0;1811
5076;0;1812
5101;0;1813
5075;0;1814
5126;0;1815
5169;0;1816
5177;0;1817
5153;0;1818
5131;0;1819
5131;0;1820
5113;0;1821
5108;0;1822
5090;0;1823
5022;0;1824
5059;0;1825
5068;0;1826
5183;0;1827
5028;0;1828
5091;0;1829
5052;0;1830
5105;0;1831
5099;0;1832
5098;0;1833
5104;0;1834
5060;0;1835
5080;0;1836
5119;0;1837
5121;0;1838
5093;0;1839
5155;0;1840
5175;0;1841
5138;0;1842
5015;0;1843
5078;0;1844
5028;0;1845
5064;0;1846
5033;0;1847
5046;0;1848
5051;0;1849
5052;0;1850
5166;0;1851
5146;0;1852
5085;0;1853
5134;0;1854
5183;0;1855
5165;0;1856
5140;0;1857
5225;0;1858
5298;0;1859
5301;0;1860
5265;0;1861
5318;0;1862
5268;0;1863
5302;0;1864
5348;0;1865
5352;0;1866
5369;0;1867
5439;0;1868
5444;0;1869
5410;0;1870
5304;0;1871
5420;0;1872
5483;0;1873
5417;0;1874
5444;0;1875
5419;0;1876
5445;0;1877
5406;0;1878
5426;0;1879
5366;0;1880
5397;0;1881
5430;0;1882
5384;0;1883
5360;0;1884
5420;0;1885
5470;0;1886
5437;0;1887
5361;0;1888
5321;0;1889
5416;0;1890
5355;0;1891
5420;0;1892
5404;0;1893
5410;0;1894
5357;0;1895
5386;0;1896
5370;0;1897
5339;0;1898
5331;0;1899
5376;0;1900
5313;0;1901
5415;0;1902
5566;0;1903
5534;0;1904
5559;0;1905
5534;0;1906
5525;0;1907
5487;0;1908
5499;0;1909
5493;0;1910
5532;0;1911
5562;0;1912
5540;0;1913
5503;0;1914
5439;0;1915
5385;0;1916
5351;0;1917
5336;0;1918
5247;0;1919
5262;0;1920
5240;0;1921
5172;0;1922
5172;0;1923
5229;0;1924
5187;0;1925
5113;0;1926
5159;0;1927
5084;0;1928
5055;0;1929
5037;0;1930
5082;0;1931
5070;0;1932
5116;0;1933
5136;0;1934
5140;0;1935
5122;0;1936
5114;0;1937
5189;0;1938
5231;0;1939
5167;0;1940
5173;0;1941
5183;0;1942
5164;0;1943
5265;0;1944
5294;0;1945
5293;0;1946
5244;0;1947
5320;0;1948
5303;0;1949
5279;0;1950
5290;0;1951
5257;0;1952
5252;0;1953
5189;0;1954
5151;0;1955
5188;0;1956
5205;0;1957
5231;0;1958
5226;0;1959
5217;0;1960
5171;0;1961
5199;0;1962
5318;0;1963
5314;0;1964
5341;0;1965
5320;0;1966
5431;0;1967
5464;0;1968
5409;0;1969
5386;0;1970
5472;0;1971
5437;0;1972
5399;0;1973
5375;0;1974
5405;0;1975
5461;0;1976
5519;0;1977
5607;0;1978
5494;0;1979
5445;0;1980
5445;0;1981
5439;0;1982
5400;0;1983
5410;0;1984
5423;0;1985
5468;0;1986
5457;0;1987
5467;0;1988
5503;0;1989
5500;0;1990
5536;0;1991
5501;0;1992
5483;0;1993
5380;0;1994
5408;0;1995
5465;0;1996
5427;0;1997
5452;0;1998
5465;0;1999
