prey;predator;iteration
414;82;0
406;82;1
404;82;2
403;82;3
403;82;4
412;82;5
439;82;6
506;82;7
561;82;8
617;82;9
671;82;10
711;86;11
714;92;12
743;91;13
766;92;14
793;91;15
820;96;16
854;74;17
896;61;18
932;63;19
925;65;20
928;67;21
913;70;22
971;70;23
1005;70;24
1062;64;25
1148;58;26
1236;60;27
1286;57;28
1352;53;29
1421;55;30
1490;54;31
1542;52;32
1636;59;33
1673;63;34
1774;63;35
1871;71;36
1964;70;37
2183;68;38
2294;66;39
2385;79;40
2482;83;41
2619;82;42
2752;81;43
2917;82;44
3021;89;45
3139;97;46
3229;95;47
3348;93;48
3470;99;49
3553;104;50
3629;110;51
3757;121;52
3909;129;53
3963;129;54
4122;143;55
4189;166;56
4213;179;57
4252;186;58
4275;191;59
4285;207;60
4251;213;61
4251;224;62
4236;232;63
4191;243;64
4156;252;65
4107;264;66
4112;272;67
4004;277;68
3942;298;69
3873;302;70
3775;332;71
3719;360;72
3666;378;73
3646;381;74
3528;393;75
3376;411;76
3325;441;77
3283;450;78
3228;475;79
3177;500;80
3147;508;81
3076;542;82
2982;561;83
2878;594;84
2786;596;85
2716;625;86
2631;637;87
2537;665;88
2476;675;89
2363;692;90
2307;713;91
2242;767;92
2159;808;93
2088;858;94
2063;874;95
1991;904;96
1894;942;97
1786;957;98
1691;1007;99
1613;1013;100
1492;1047;101
1380;1063;102
1272;1079;103
1237;1085;104
1196;1074;105
1135;1069;106
1051;1052;107
995;1052;108
931;1043;109
855;1018;110
786;985;111
718;962;112
658;953;113
637;931;114
609;901;115
570;897;116
539;847;117
518;818;118
489;762;119
442;715;120
415;683;121
377;656;122
339;632;123
324;605;124
310;581;125
299;529;126
261;501;127
233;475;128
212;459;129
188;448;130
173;432;131
171;418;132
153;391;133
157;358;134
148;347;135
130;321;136
122;298;137
121;285;138
114;257;139
111;245;140
100;230;141
99;214;142
97;195;143
100;198;144
112;181;145
111;170;146
109;177;147
110;162;148
113;154;149
115;142;150
117;141;151
110;140;152
113;133;153
114;127;154
113;123;155
109;129;156
121;126;157
140;117;158
140;116;159
136;109;160
133;107;161
137;95;162
138;92;163
138;95;164
148;80;165
143;72;166
135;59;167
156;60;168
163;58;169
169;56;170
165;56;171
189;53;172
188;50;173
190;39;174
194;42;175
194;44;176
196;42;177
207;39;178
216;42;179
223;42;180
237;51;181
238;47;182
236;44;183
265;47;184
269;46;185
263;49;186
268;47;187
292;44;188
315;44;189
320;49;190
316;48;191
344;48;192
374;47;193
401;47;194
423;49;195
438;49;196
467;50;197
494;52;198
513;47;199
522;50;200
528;54;201
566;49;202
606;49;203
625;53;204
641;52;205
718;48;206
746;46;207
788;43;208
810;45;209
815;44;210
852;48;211
905;46;212
946;50;213
964;51;214
997;50;215
1021;48;216
1059;49;217
1138;49;218
1162;54;219
1165;52;220
1198;62;221
1225;67;222
1275;72;223
1330;70;224
1381;79;225
1446;84;226
1473;82;227
1550;84;228
1550;83;229
1598;84;230
1640;82;231
1708;80;232
1747;81;233
1794;91;234
1842;89;235
1934;90;236
2009;94;237
2100;97;238
2122;94;239
2159;94;240
2195;100;241
2219;103;242
2295;101;243
2346;105;244
2380;104;245
2455;106;246
2514;100;247
2537;97;248
2585;112;249
2605;115;250
2634;123;251
2697;123;252
2762;124;253
2785;131;254
2898;134;255
2996;139;256
3061;147;257
3097;154;258
3149;153;259
3233;162;260
3348;166;261
3373;172;262
3409;181;263
3478;186;264
3521;197;265
3551;204;266
3576;211;267
3710;213;268
3758;230;269
3794;230;270
3762;249;271
3725;255;272
3781;260;273
3898;268;274
3880;270;275
3814;261;276
3811;278;277
3833;277;278
3860;286;279
3850;290;280
3848;279;281
3781;306;282
3777;316;283
3751;342;284
3694;348;285
3738;355;286
3769;360;287
3767;367;288
3725;365;289
3713;357;290
3659;370;291
3638;383;292
3651;402;293
3573;405;294
3548;414;295
3511;419;296
3496;412;297
3518;409;298
3500;417;299
3427;425;300
3406;420;301
3341;422;302
3258;412;303
3287;408;304
3218;407;305
3186;417;306
3109;425;307
3018;441;308
2972;430;309
2954;433;310
2964;427;311
2919;437;312
2824;426;313
2800;449;314
2758;458;315
2753;458;316
2737;447;317
2694;432;318
2668;438;319
2614;438;320
2587;432;321
2570;433;322
2589;432;323
2578;434;324
2540;431;325
2591;416;326
2528;418;327
2531;420;328
2567;415;329
2531;403;330
2489;427;331
2466;439;332
2413;430;333
2415;421;334
2382;423;335
2355;442;336
2293;430;337
2242;432;338
2274;435;339
2252;443;340
2243;448;341
2159;446;342
2125;446;343
2076;467;344
1989;468;345
1920;474;346
1893;465;347
1889;481;348
1894;484;349
1855;484;350
1828;478;351
1848;503;352
1864;500;353
1839;491;354
1747;493;355
1676;482;356
1629;513;357
1595;530;358
1557;517;359
1552;523;360
1516;527;361
1520;518;362
1495;523;363
1431;509;364
1355;515;365
1328;512;366
1299;503;367
1276;497;368
1251;503;369
1213;484;370
1168;488;371
1137;493;372
1148;500;373
1139;505;374
1119;491;375
1102;473;376
1077;494;377
1049;504;378
1004;503;379
1000;503;380
981;524;381
960;521;382
950;518;383
908;520;384
880;519;385
834;530;386
821;520;387
790;504;388
727;499;389
687;474;390
640;488;391
587;487;392
568;483;393
536;484;394
508;478;395
515;465;396
512;446;397
491;440;398
458;435;399
441;418;400
414;416;401
409;411;402
399;392;403
383;368;404
384;362;405
375;356;406
358;331;407
353;319;408
347;310;409
349;289;410
343;272;411
313;256;412
304;236;413
300;215;414
297;224;415
307;212;416
303;188;417
306;175;418
311;167;419
309;167;420
300;167;421
310;164;422
318;157;423
305;153;424
318;149;425
321;148;426
325;139;427
326;138;428
336;138;429
344;144;430
356;139;431
355;144;432
363;131;433
356;128;434
357;123;435
365;112;436
372;113;437
376;100;438
400;95;439
415;86;440
420;86;441
438;80;442
435;79;443
459;72;444
453;71;445
518;64;446
527;54;447
535;54;448
569;49;449
580;41;450
596;39;451
635;43;452
629;41;453
646;41;454
644;38;455
648;36;456
674;30;457
701;32;458
754;29;459
812;39;460
846;38;461
839;39;462
874;43;463
909;42;464
941;45;465
935;40;466
984;47;467
1031;46;468
1042;46;469
1096;46;470
1116;51;471
1145;54;472
1186;60;473
1220;59;474
1249;61;475
1258;72;476
1291;73;477
1313;72;478
1407;83;479
1451;90;480
1503;96;481
1565;105;482
1662;110;483
1680;109;484
1714;113;485
1783;126;486
1841;128;487
1895;140;488
1956;150;489
1996;152;490
2031;172;491
2059;174;492
2082;183;493
2113;178;494
2152;178;495
2170;188;496
2194;191;497
2191;195;498
2172;195;499
2217;206;500
2297;204;501
2336;221;502
2390;229;503
2434;230;504
2450;233;505
2468;242;506
2503;237;507
2520;237;508
2592;236;509
2640;238;510
2700;245;511
2774;250;512
2777;249;513
2829;239;514
2940;249;515
2971;261;516
2994;266;517
3033;261;518
3039;267;519
3077;288;520
3155;286;521
3197;304;522
3258;326;523
3314;337;524
3347;334;525
3362;338;526
3340;335;527
3340;338;528
3372;324;529
3404;331;530
3364;354;531
3350;363;532
3357;363;533
3359;371;534
3350;370;535
3332;380;536
3304;386;537
3309;370;538
3316;369;539
3352;371;540
3310;360;541
3273;354;542
3257;362;543
3254;370;544
3296;357;545
3200;362;546
3161;361;547
3209;370;548
3206;354;549
3152;357;550
3084;351;551
3045;364;552
3012;361;553
2979;365;554
2949;356;555
2906;356;556
2848;375;557
2806;392;558
2789;403;559
2733;433;560
2623;426;561
2641;433;562
2617;444;563
2543;453;564
2497;457;565
2456;473;566
2413;495;567
2363;505;568
2385;512;569
2365;498;570
2329;515;571
2311;518;572
2265;537;573
2233;540;574
2174;521;575
2169;510;576
2194;516;577
2179;516;578
2156;534;579
2187;530;580
2088;530;581
2053;554;582
2025;577;583
1980;563;584
1906;558;585
1892;560;586
1887;559;587
1837;563;588
1786;562;589
1757;554;590
1741;544;591
1684;552;592
1650;556;593
1572;559;594
1497;545;595
1428;554;596
1434;569;597
1420;551;598
1384;540;599
1366;553;600
1381;533;601
1328;552;602
1303;554;603
1276;552;604
1265;559;605
1224;560;606
1203;559;607
1182;552;608
1175;535;609
1154;540;610
1149;526;611
1162;501;612
1133;488;613
1131;465;614
1127;454;615
1091;451;616
1105;458;617
1094;451;618
1064;451;619
1058;431;620
1052;431;621
1042;418;622
1050;400;623
1042;388;624
1027;379;625
1040;372;626
1034;366;627
1030;354;628
1046;356;629
1016;345;630
1020;338;631
1036;340;632
1022;321;633
1017;316;634
990;317;635
990;322;636
956;299;637
959;292;638
923;270;639
904;275;640
870;265;641
849;270;642
833;284;643
796;280;644
759;274;645
750;277;646
765;282;647
738;285;648
715;301;649
675;291;650
674;295;651
632;299;652
652;289;653
631;289;654
611;295;655
614;292;656
629;313;657
637;312;658
637;311;659
623;315;660
659;321;661
655;319;662
665;325;663
691;310;664
707;305;665
736;317;666
741;332;667
768;326;668
823;320;669
840;330;670
859;337;671
881;345;672
913;341;673
931;340;674
943;347;675
986;347;676
1045;350;677
1059;349;678
1110;347;679
1159;344;680
1198;348;681
1206;343;682
1264;336;683
1294;332;684
1331;325;685
1367;322;686
1436;321;687
1521;307;688
1545;324;689
1607;306;690
1692;307;691
1747;297;692
1769;278;693
1836;266;694
1868;264;695
1898;267;696
1951;263;697
1994;260;698
2024;262;699
2031;258;700
2055;251;701
2107;249;702
2117;233;703
2157;239;704
2212;223;705
2222;217;706
2231;200;707
2223;199;708
2245;197;709
2241;196;710
2231;188;711
2245;182;712
2280;187;713
2297;193;714
2297;183;715
2301;180;716
2354;180;717
2380;170;718
2409;178;719
2400;172;720
2346;171;721
2393;176;722
2415;182;723
2445;182;724
2435;183;725
2453;195;726
2495;190;727
2567;209;728
2551;220;729
2562;221;730
2590;214;731
2634;225;732
2626;226;733
2619;223;734
2596;231;735
2571;225;736
2587;223;737
2608;237;738
2648;239;739
2669;243;740
2673;233;741
2735;234;742
2774;243;743
2803;246;744
2776;256;745
2778;249;746
2788;253;747
2794;252;748
2753;274;749
2786;274;750
2835;287;751
2887;299;752
2932;302;753
2882;302;754
2894;310;755
2907;318;756
2881;333;757
2879;335;758
2848;348;759
2836;359;760
2828;373;761
2806;362;762
2829;368;763
2844;391;764
2885;400;765
2874;400;766
2870;402;767
2821;400;768
2788;421;769
2795;448;770
2780;463;771
2763;468;772
2794;476;773
2764;483;774
2765;508;775
2739;507;776
2758;515;777
2779;523;778
2731;512;779
2711;545;780
2633;566;781
2607;570;782
2555;579;783
2521;597;784
2427;602;785
2393;605;786
2301;615;787
2329;597;788
2216;633;789
2177;655;790
2124;666;791
2052;672;792
2002;652;793
1931;651;794
1898;662;795
1799;672;796
1765;663;797
1637;657;798
1583;668;799
1505;664;800
1496;661;801
1493;633;802
1496;630;803
1422;628;804
1430;628;805
1382;632;806
1313;601;807
1281;589;808
1233;569;809
1213;552;810
1194;547;811
1187;552;812
1167;534;813
1177;540;814
1139;550;815
1133;528;816
1106;511;817
1058;488;818
1038;473;819
1005;463;820
983;446;821
952;416;822
954;415;823
936;417;824
932;409;825
902;402;826
871;412;827
848;412;828
816;427;829
806;411;830
775;408;831
791;379;832
779;369;833
768;364;834
739;367;835
715;370;836
731;361;837
708;363;838
701;365;839
699;370;840
714;362;841
726;348;842
722;333;843
719;309;844
703;295;845
680;277;846
665;274;847
679;275;848
668;272;849
683;272;850
656;261;851
679;252;852
679;240;853
683;236;854
676;228;855
689;216;856
680;202;857
689;206;858
694;194;859
687;194;860
694;190;861
680;191;862
695;199;863
695;203;864
705;197;865
705;193;866
715;190;867
732;190;868
720;189;869
711;193;870
746;193;871
761;182;872
776;185;873
800;193;874
820;188;875
807;193;876
844;196;877
882;192;878
907;203;879
915;207;880
922;203;881
949;210;882
998;215;883
1036;219;884
1041;208;885
1044;214;886
1060;215;887
1058;218;888
1093;228;889
1113;235;890
1144;238;891
1160;233;892
1192;225;893
1188;222;894
1171;237;895
1203;235;896
1228;223;897
1263;224;898
1279;225;899
1325;228;900
1339;245;901
1394;254;902
1392;242;903
1435;235;904
1467;238;905
1486;235;906
1514;229;907
1546;213;908
1578;208;909
1616;210;910
1652;203;911
1719;200;912
1792;199;913
1818;196;914
1850;198;915
1909;193;916
1975;196;917
2004;193;918
2068;178;919
2093;183;920
2149;187;921
2172;196;922
2208;184;923
2278;180;924
2269;185;925
2315;182;926
2404;186;927
2424;185;928
2446;198;929
2499;211;930
2546;218;931
2552;230;932
2608;240;933
2644;240;934
2704;239;935
2712;264;936
2738;256;937
2752;256;938
2761;264;939
2722;264;940
2797;274;941
2822;276;942
2803;275;943
2776;270;944
2801;271;945
2788;267;946
2844;274;947
2816;285;948
2743;275;949
2771;274;950
2746;276;951
2749;284;952
2702;304;953
2683;309;954
2682;307;955
2668;313;956
2659;341;957
2676;368;958
2657;367;959
2642;386;960
2596;396;961
2579;398;962
2528;416;963
2530;438;964
2485;437;965
2429;444;966
2370;461;967
2333;456;968
2323;471;969
2253;479;970
2229;483;971
2215;497;972
2135;507;973
2113;513;974
2062;503;975
2024;495;976
1968;522;977
1960;518;978
1919;534;979
1913;533;980
1941;514;981
1906;504;982
1843;524;983
1775;510;984
1717;494;985
1667;498;986
1630;485;987
1602;482;988
1542;488;989
1509;491;990
1504;493;991
1443;499;992
1442;517;993
1413;497;994
1366;468;995
1329;481;996
1284;484;997
1244;467;998
1216;476;999
1183;465;1000
1173;457;1001
1141;453;1002
1130;460;1003
1094;447;1004
1073;440;1005
1053;427;1006
1035;403;1007
1053;397;1008
1011;388;1009
973;378;1010
954;377;1011
917;372;1012
892;377;1013
850;373;1014
839;353;1015
800;347;1016
775;316;1017
765;313;1018
745;304;1019
721;298;1020
717;293;1021
707;306;1022
681;300;1023
661;297;1024
628;301;1025
623;281;1026
623;285;1027
603;288;1028
614;290;1029
615;282;1030
614;272;1031
611;264;1032
612;262;1033
618;272;1034
627;283;1035
629;268;1036
611;275;1037
621;274;1038
648;292;1039
635;279;1040
622;264;1041
638;260;1042
634;258;1043
622;270;1044
622;266;1045
609;265;1046
599;260;1047
617;274;1048
634;278;1049
630;291;1050
639;293;1051
641;287;1052
662;288;1053
680;284;1054
641;270;1055
655;276;1056
665;274;1057
659;276;1058
675;289;1059
677;295;1060
694;297;1061
687;291;1062
680;303;1063
723;314;1064
732;310;1065
727;309;1066
771;304;1067
791;297;1068
809;321;1069
830;309;1070
855;308;1071
854;314;1072
887;307;1073
898;312;1074
914;305;1075
936;316;1076
938;315;1077
941;305;1078
973;308;1079
984;328;1080
984;331;1081
992;338;1082
997;344;1083
999;339;1084
1002;345;1085
999;349;1086
982;346;1087
995;365;1088
1000;376;1089
989;378;1090
976;383;1091
980;383;1092
954;401;1093
971;397;1094
986;407;1095
971;436;1096
957;424;1097
932;406;1098
929;421;1099
929;426;1100
906;430;1101
889;438;1102
909;439;1103
904;428;1104
867;422;1105
838;433;1106
836;453;1107
825;454;1108
801;443;1109
761;432;1110
742;427;1111
723;425;1112
712;420;1113
743;419;1114
723;404;1115
696;402;1116
685;399;1117
656;400;1118
646;391;1119
640;396;1120
648;392;1121
692;385;1122
646;387;1123
653;387;1124
648;386;1125
660;377;1126
629;391;1127
614;403;1128
622;408;1129
620;410;1130
621;432;1131
610;424;1132
618;423;1133
615;423;1134
597;411;1135
563;423;1136
556;426;1137
518;420;1138
531;423;1139
504;415;1140
498;409;1141
480;417;1142
476;433;1143
473;442;1144
475;444;1145
473;434;1146
474;425;1147
464;421;1148
442;410;1149
435;404;1150
431;412;1151
412;415;1152
390;412;1153
372;389;1154
352;380;1155
374;386;1156
378;387;1157
377;391;1158
361;386;1159
356;380;1160
343;352;1161
333;342;1162
324;331;1163
312;318;1164
325;317;1165
319;313;1166
312;313;1167
313;300;1168
317;284;1169
334;273;1170
329;259;1171
306;248;1172
321;244;1173
311;229;1174
340;213;1175
341;200;1176
341;195;1177
337;184;1178
345;178;1179
360;167;1180
358;171;1181
366;164;1182
393;155;1183
412;148;1184
399;140;1185
397;150;1186
410;146;1187
410;140;1188
408;136;1189
416;136;1190
457;154;1191
473;151;1192
485;154;1193
503;160;1194
506;162;1195
497;183;1196
520;184;1197
545;196;1198
527;209;1199
519;216;1200
536;221;1201
541;223;1202
543;229;1203
542;233;1204
575;237;1205
565;240;1206
563;243;1207
568;259;1208
593;258;1209
613;254;1210
636;252;1211
666;251;1212
648;256;1213
634;260;1214
654;271;1215
700;285;1216
708;288;1217
705;288;1218
708;288;1219
721;302;1220
705;294;1221
716;290;1222
733;296;1223
742;317;1224
768;302;1225
782;283;1226
782;287;1227
811;284;1228
814;278;1229
828;286;1230
857;282;1231
849;267;1232
876;256;1233
909;240;1234
928;256;1235
958;256;1236
983;254;1237
989;250;1238
1001;254;1239
1075;270;1240
1113;282;1241
1165;276;1242
1175;282;1243
1174;283;1244
1229;281;1245
1252;289;1246
1263;289;1247
1305;295;1248
1311;295;1249
1317;291;1250
1363;299;1251
1369;299;1252
1384;309;1253
1429;328;1254
1462;338;1255
1499;349;1256
1518;360;1257
1506;361;1258
1509;350;1259
1518;372;1260
1552;397;1261
1540;419;1262
1541;418;1263
1503;416;1264
1522;436;1265
1584;467;1266
1572;496;1267
1556;495;1268
1569;496;1269
1547;501;1270
1526;494;1271
1503;492;1272
1480;496;1273
1423;518;1274
1400;526;1275
1372;531;1276
1337;555;1277
1331;568;1278
1291;577;1279
1264;594;1280
1244;625;1281
1200;643;1282
1147;634;1283
1130;640;1284
1057;632;1285
1016;679;1286
960;692;1287
892;705;1288
871;716;1289
848;728;1290
782;758;1291
749;768;1292
706;781;1293
671;782;1294
638;768;1295
610;764;1296
574;783;1297
521;769;1298
493;751;1299
455;732;1300
440;726;1301
424;705;1302
412;699;1303
391;676;1304
359;684;1305
328;686;1306
320;667;1307
313;649;1308
293;622;1309
268;601;1310
241;569;1311
226;555;1312
213;533;1313
198;507;1314
194;473;1315
183;458;1316
181;439;1317
178;409;1318
169;409;1319
168;394;1320
175;384;1321
173;362;1322
174;331;1323
178;296;1324
172;278;1325
170;263;1326
180;252;1327
178;227;1328
173;217;1329
187;196;1330
181;179;1331
183;179;1332
172;170;1333
172;165;1334
176;153;1335
185;152;1336
183;129;1337
204;126;1338
218;117;1339
208;118;1340
202;114;1341
222;116;1342
219;107;1343
212;108;1344
230;106;1345
235;106;1346
242;100;1347
245;97;1348
268;102;1349
263;97;1350
281;95;1351
291;92;1352
296;89;1353
303;80;1354
318;82;1355
335;81;1356
352;89;1357
348;90;1358
355;91;1359
362;90;1360
385;87;1361
378;92;1362
402;89;1363
408;87;1364
406;88;1365
420;85;1366
437;83;1367
461;80;1368
465;80;1369
495;79;1370
511;78;1371
529;84;1372
549;88;1373
576;93;1374
580;90;1375
613;92;1376
637;95;1377
671;94;1378
669;105;1379
687;116;1380
728;113;1381
734;118;1382
744;115;1383
791;119;1384
850;124;1385
898;124;1386
945;120;1387
954;130;1388
965;133;1389
964;138;1390
1028;137;1391
1072;141;1392
1108;145;1393
1127;143;1394
1187;160;1395
1267;159;1396
1313;156;1397
1375;158;1398
1429;168;1399
1458;173;1400
1522;183;1401
1545;179;1402
1589;180;1403
1615;176;1404
1670;179;1405
1719;188;1406
1754;187;1407
1782;191;1408
1824;200;1409
1878;207;1410
1926;210;1411
1964;213;1412
2037;201;1413
2085;203;1414
2138;219;1415
2148;220;1416
2210;225;1417
2299;230;1418
2367;235;1419
2479;234;1420
2556;250;1421
2582;275;1422
2576;288;1423
2581;304;1424
2688;306;1425
2753;322;1426
2769;341;1427
2770;362;1428
2746;386;1429
2734;398;1430
2763;412;1431
2755;419;1432
2741;454;1433
2714;476;1434
2669;479;1435
2639;491;1436
2594;484;1437
2565;533;1438
2545;572;1439
2547;582;1440
2512;589;1441
2460;613;1442
2385;635;1443
2331;625;1444
2301;616;1445
2250;627;1446
2229;622;1447
2199;637;1448
2200;655;1449
2159;665;1450
2118;638;1451
2041;651;1452
2006;661;1453
1994;681;1454
1962;716;1455
1884;697;1456
1862;683;1457
1836;691;1458
1844;700;1459
1807;687;1460
1758;689;1461
1745;698;1462
1645;696;1463
1571;708;1464
1488;726;1465
1452;730;1466
1440;756;1467
1415;778;1468
1407;779;1469
1355;768;1470
1334;776;1471
1305;772;1472
1261;790;1473
1237;785;1474
1242;767;1475
1205;743;1476
1178;727;1477
1141;708;1478
1149;696;1479
1155;677;1480
1163;665;1481
1146;623;1482
1121;596;1483
1074;580;1484
1067;544;1485
1065;545;1486
1067;529;1487
1050;506;1488
1007;489;1489
970;488;1490
944;446;1491
949;441;1492
936;445;1493
915;427;1494
863;399;1495
840;420;1496
791;403;1497
761;403;1498
762;406;1499
774;404;1500
737;391;1501
702;383;1502
650;385;1503
639;360;1504
606;361;1505
605;363;1506
585;373;1507
553;361;1508
536;384;1509
540;371;1510
537;364;1511
521;369;1512
504;367;1513
494;349;1514
486;345;1515
471;332;1516
464;322;1517
473;320;1518
450;311;1519
430;303;1520
422;319;1521
420;327;1522
414;303;1523
404;295;1524
433;288;1525
419;288;1526
401;292;1527
396;285;1528
377;280;1529
389;270;1530
399;259;1531
381;257;1532
382;259;1533
368;261;1534
360;256;1535
351;247;1536
349;243;1537
350;243;1538
343;235;1539
331;222;1540
333;233;1541
317;225;1542
307;226;1543
313;223;1544
294;200;1545
264;197;1546
253;188;1547
241;188;1548
253;181;1549
231;172;1550
228;170;1551
225;161;1552
211;153;1553
206;155;1554
205;143;1555
203;143;1556
182;133;1557
174;135;1558
181;123;1559
174;114;1560
171;114;1561
167;109;1562
188;105;1563
184;97;1564
172;87;1565
175;79;1566
173;79;1567
185;79;1568
184;74;1569
180;70;1570
177;68;1571
188;62;1572
191;65;1573
196;66;1574
194;63;1575
190;54;1576
197;54;1577
203;52;1578
203;48;1579
202;47;1580
207;49;1581
201;48;1582
197;48;1583
200;48;1584
208;45;1585
213;45;1586
238;45;1587
245;44;1588
285;48;1589
296;45;1590
296;40;1591
299;38;1592
326;40;1593
321;39;1594
332;38;1595
337;42;1596
363;47;1597
378;47;1598
381;44;1599
375;43;1600
409;43;1601
428;41;1602
465;40;1603
467;39;1604
499;38;1605
532;38;1606
560;37;1607
591;36;1608
587;36;1609
587;35;1610
610;37;1611
597;37;1612
620;44;1613
643;38;1614
676;33;1615
697;32;1616
724;32;1617
768;39;1618
789;38;1619
826;43;1620
876;50;1621
905;48;1622
941;47;1623
971;47;1624
1010;55;1625
1020;58;1626
1082;61;1627
1148;60;1628
1183;59;1629
1228;57;1630
1260;58;1631
1316;64;1632
1378;67;1633
1479;70;1634
1567;70;1635
1623;69;1636
1705;83;1637
1768;77;1638
1858;76;1639
1883;72;1640
1949;78;1641
2013;81;1642
2055;78;1643
2070;80;1644
2123;102;1645
2196;108;1646
2271;107;1647
2371;109;1648
2449;117;1649
2540;126;1650
2602;122;1651
2673;119;1652
2718;118;1653
2802;126;1654
2856;125;1655
2919;131;1656
2963;134;1657
3084;137;1658
3152;141;1659
3193;148;1660
3240;156;1661
3322;160;1662
3355;155;1663
3383;154;1664
3524;158;1665
3572;168;1666
3709;168;1667
3761;171;1668
3875;181;1669
3893;185;1670
3946;188;1671
4049;178;1672
4112;179;1673
4167;178;1674
4177;189;1675
4252;188;1676
4294;184;1677
4337;182;1678
4351;194;1679
4425;211;1680
4411;212;1681
4441;207;1682
4375;219;1683
4400;215;1684
4382;222;1685
4408;227;1686
4358;227;1687
4332;234;1688
4305;249;1689
4259;253;1690
4277;258;1691
4289;276;1692
4309;266;1693
4293;277;1694
4331;288;1695
4319;291;1696
4208;293;1697
4191;285;1698
4201;306;1699
4166;319;1700
4157;316;1701
4099;313;1702
4065;324;1703
4056;343;1704
4039;339;1705
3930;349;1706
3867;367;1707
3774;367;1708
3708;382;1709
3627;399;1710
3516;414;1711
3401;430;1712
3396;426;1713
3304;456;1714
3277;465;1715
3227;461;1716
3186;472;1717
3102;488;1718
3047;512;1719
2964;519;1720
2876;524;1721
2825;519;1722
2730;518;1723
2661;503;1724
2628;509;1725
2569;507;1726
2501;499;1727
2440;474;1728
2399;481;1729
2368;483;1730
2310;482;1731
2322;475;1732
2251;473;1733
2240;479;1734
2194;484;1735
2112;472;1736
2075;463;1737
2056;459;1738
2026;462;1739
1988;499;1740
1941;507;1741
1926;520;1742
1942;535;1743
1907;548;1744
1881;551;1745
1866;544;1746
1839;548;1747
1795;574;1748
1763;561;1749
1732;551;1750
1717;573;1751
1758;583;1752
1723;594;1753
1758;605;1754
1764;619;1755
1794;620;1756
1758;618;1757
1734;617;1758
1714;629;1759
1713;639;1760
1675;641;1761
1621;633;1762
1575;626;1763
1528;625;1764
1490;642;1765
1468;635;1766
1455;636;1767
1375;647;1768
1384;643;1769
1334;642;1770
1286;646;1771
1227;679;1772
1193;658;1773
1145;668;1774
1088;673;1775
1054;688;1776
1056;652;1777
1037;620;1778
1022;631;1779
1043;617;1780
1024;625;1781
1041;626;1782
1030;605;1783
1011;587;1784
966;576;1785
944;549;1786
959;531;1787
967;526;1788
963;509;1789
982;471;1790
983;471;1791
959;440;1792
924;410;1793
920;389;1794
900;399;1795
880;390;1796
860;365;1797
843;353;1798
808;332;1799
814;342;1800
824;345;1801
805;355;1802
824;331;1803
847;326;1804
847;320;1805
821;303;1806
853;295;1807
854;277;1808
874;276;1809
860;269;1810
902;275;1811
922;258;1812
897;251;1813
915;250;1814
952;239;1815
949;252;1816
945;252;1817
972;233;1818
1026;225;1819
1053;218;1820
1082;217;1821
1103;218;1822
1140;229;1823
1177;230;1824
1175;225;1825
1186;226;1826
1208;228;1827
1229;219;1828
1258;209;1829
1285;207;1830
1315;219;1831
1311;218;1832
1338;216;1833
1378;211;1834
1414;210;1835
1430;207;1836
1452;209;1837
1492;212;1838
1496;205;1839
1544;199;1840
1545;187;1841
1563;204;1842
1605;211;1843
1649;213;1844
1637;203;1845
1647;213;1846
1681;223;1847
1730;229;1848
1747;217;1849
1727;206;1850
1719;209;1851
1730;218;1852
1796;216;1853
1807;205;1854
1829;206;1855
1783;217;1856
1789;227;1857
1849;227;1858
1851;239;1859
1859;223;1860
1856;218;1861
1871;215;1862
1923;240;1863
1925;247;1864
1918;230;1865
1881;248;1866
1913;254;1867
1935;281;1868
1888;292;1869
1919;294;1870
1904;294;1871
1955;319;1872
1941;335;1873
1937;333;1874
1948;331;1875
1944;350;1876
1991;380;1877
1974;403;1878
1907;409;1879
1939;416;1880
1980;406;1881
2018;404;1882
2043;416;1883
2052;415;1884
2055;438;1885
1999;433;1886
2005;465;1887
1975;484;1888
1948;501;1889
1903;507;1890
1868;505;1891
1814;521;1892
1764;552;1893
1746;550;1894
1718;541;1895
1673;544;1896
1628;568;1897
1545;577;1898
1462;614;1899
1435;655;1900
1384;667;1901
1332;682;1902
1281;687;1903
1254;719;1904
1196;716;1905
1159;727;1906
1124;725;1907
1076;755;1908
1033;775;1909
977;785;1910
915;798;1911
873;829;1912
799;829;1913
738;855;1914
697;852;1915
618;854;1916
572;838;1917
525;813;1918
475;818;1919
431;811;1920
412;805;1921
390;768;1922
375;763;1923
356;736;1924
346;751;1925
313;704;1926
299;683;1927
280;679;1928
269;655;1929
255;614;1930
250;601;1931
252;559;1932
278;532;1933
274;533;1934
275;502;1935
265;477;1936
281;436;1937
269;413;1938
282;390;1939
290;376;1940
302;341;1941
310;335;1942
322;308;1943
334;298;1944
356;291;1945
373;273;1946
397;257;1947
403;252;1948
395;237;1949
399;227;1950
388;223;1951
390;192;1952
388;179;1953
421;162;1954
423;151;1955
430;148;1956
438;143;1957
449;147;1958
469;143;1959
466;145;1960
464;140;1961
481;135;1962
490;128;1963
493;133;1964
506;129;1965
537;124;1966
548;120;1967
563;118;1968
597;114;1969
617;120;1970
643;124;1971
672;120;1972
675;112;1973
707;113;1974
725;106;1975
762;103;1976
773;105;1977
804;107;1978
851;110;1979
888;119;1980
901;124;1981
923;124;1982
959;133;1983
971;138;1984
961;146;1985
943;150;1986
931;156;1987
951;158;1988
972;158;1989
997;166;1990
1003;169;1991
967;185;1992
987;202;1993
1037;206;1994
1029;210;1995
1021;208;1996
995;217;1997
992;228;1998
984;246;1999
