prey;predator;iteration
380;101;0
375;101;1
371;101;2
370;101;3
365;101;4
375;101;5
377;101;6
421;104;7
467;104;8
504;104;9
529;104;10
571;109;11
601;111;12
625;109;13
656;110;14
686;114;15
708;118;16
737;81;17
737;75;18
735;77;19
743;81;20
736;90;21
758;88;22
809;81;23
872;79;24
929;70;25
978;72;26
1047;76;27
1100;76;28
1150;73;29
1201;73;30
1213;73;31
1296;75;32
1362;79;33
1459;84;34
1526;82;35
1582;88;36
1635;98;37
1708;99;38
1770;106;39
1831;103;40
1891;109;41
1957;110;42
2053;114;43
2136;116;44
2269;129;45
2368;136;46
2430;139;47
2498;146;48
2562;161;49
2619;163;50
2650;172;51
2723;172;52
2760;168;53
2787;171;54
2861;178;55
2887;187;56
2920;193;57
2931;207;58
2975;221;59
3023;229;60
3017;269;61
3073;276;62
3085;282;63
3090;284;64
3093;293;65
3143;289;66
3141;313;67
3103;312;68
3078;332;69
3135;328;70
3128;336;71
3088;340;72
3140;368;73
3154;385;74
3155;416;75
3139;429;76
3142;446;77
3133;458;78
3160;479;79
3142;514;80
3150;532;81
3071;548;82
3002;569;83
2999;582;84
3017;575;85
2966;589;86
2879;577;87
2859;583;88
2817;600;89
2775;604;90
2699;611;91
2637;610;92
2555;619;93
2466;617;94
2380;626;95
2317;649;96
2284;645;97
2230;638;98
2207;641;99
2108;649;100
2016;674;101
1994;696;102
1980;725;103
1925;742;104
1887;760;105
1831;778;106
1771;763;107
1702;763;108
1674;757;109
1619;764;110
1619;747;111
1591;750;112
1578;744;113
1585;732;114
1561;738;115
1514;710;116
1539;708;117
1537;679;118
1545;657;119
1572;627;120
1536;606;121
1500;583;122
1488;565;123
1486;536;124
1512;521;125
1495;505;126
1453;482;127
1424;449;128
1370;428;129
1317;398;130
1285;373;131
1263;359;132
1237;346;133
1209;339;134
1160;317;135
1096;297;136
1073;298;137
1016;294;138
1025;304;139
992;297;140
893;295;141
872;285;142
847;280;143
827;265;144
791;277;145
766;286;146
762;295;147
762;276;148
741;284;149
736;283;150
713;283;151
692;279;152
679;290;153
658;292;154
638;289;155
603;290;156
602;276;157
600;271;158
615;272;159
586;270;160
572;271;161
555;261;162
522;252;163
502;253;164
487;247;165
474;247;166
455;229;167
452;220;168
472;216;169
495;213;170
515;208;171
513;195;172
507;184;173
515;184;174
533;187;175
529;182;176
539;169;177
530;162;178
533;158;179
564;163;180
598;167;181
598;156;182
606;149;183
625;152;184
672;161;185
678;155;186
664;156;187
679;156;188
693;153;189
705;155;190
705;161;191
698;168;192
690;164;193
683;163;194
710;165;195
689;171;196
694;174;197
686;165;198
697;160;199
724;162;200
709;170;201
735;168;202
758;165;203
764;165;204
757;167;205
796;166;206
801;168;207
808;169;208
831;181;209
865;174;210
899;169;211
945;176;212
998;178;213
1039;179;214
1062;186;215
1084;186;216
1118;190;217
1141;199;218
1163;195;219
1197;189;220
1251;199;221
1291;193;222
1330;216;223
1388;218;224
1399;222;225
1458;224;226
1493;223;227
1536;229;228
1552;221;229
1579;229;230
1624;223;231
1655;229;232
1696;234;233
1735;237;234
1753;227;235
1805;219;236
1864;228;237
1904;229;238
1929;243;239
1947;252;240
2038;264;241
2056;257;242
2087;261;243
2085;258;244
2088;271;245
2136;264;246
2182;269;247
2215;272;248
2235;276;249
2299;282;250
2340;285;251
2343;290;252
2354;306;253
2374;300;254
2406;299;255
2480;325;256
2483;341;257
2496;347;258
2493;336;259
2534;347;260
2536;346;261
2502;363;262
2491;366;263
2512;384;264
2501;385;265
2464;373;266
2426;395;267
2403;404;268
2418;417;269
2386;437;270
2356;424;271
2258;437;272
2233;468;273
2227;475;274
2200;477;275
2147;481;276
2094;493;277
2046;512;278
2032;543;279
1961;552;280
1959;570;281
1898;569;282
1851;585;283
1797;572;284
1698;578;285
1631;580;286
1583;588;287
1564;609;288
1505;624;289
1451;617;290
1429;627;291
1356;620;292
1308;634;293
1257;639;294
1174;638;295
1121;624;296
1067;617;297
1015;614;298
995;605;299
978;585;300
951;591;301
904;595;302
872;583;303
836;590;304
778;575;305
741;575;306
723;577;307
711;577;308
684;562;309
646;560;310
623;552;311
610;539;312
589;530;313
565;529;314
562;528;315
555;514;316
533;503;317
509;489;318
485;465;319
474;453;320
452;451;321
447;435;322
426;427;323
410;416;324
380;404;325
376;392;326
350;393;327
325;383;328
305;378;329
291;371;330
259;359;331
225;362;332
220;345;333
218;337;334
208;324;335
188;314;336
184;309;337
181;296;338
194;279;339
180;258;340
174;253;341
174;238;342
184;236;343
198;227;344
196;212;345
196;199;346
200;180;347
204;163;348
205;152;349
239;135;350
259;125;351
273;114;352
283;103;353
301;94;354
306;79;355
323;72;356
323;69;357
336;64;358
352;57;359
361;53;360
372;38;361
390;37;362
413;36;363
429;31;364
457;24;365
474;23;366
490;22;367
516;21;368
546;15;369
566;14;370
588;13;371
599;11;372
605;11;373
624;10;374
663;9;375
709;8;376
737;12;377
771;12;378
802;15;379
844;16;380
905;17;381
956;17;382
978;15;383
979;18;384
1022;18;385
1066;26;386
1085;26;387
1151;26;388
1202;26;389
1286;33;390
1370;34;391
1414;38;392
1475;38;393
1537;49;394
1645;48;395
1708;49;396
1771;50;397
1837;54;398
1903;63;399
2017;67;400
2117;73;401
2153;77;402
2237;83;403
2307;88;404
2438;91;405
2545;100;406
2652;112;407
2728;113;408
2830;116;409
2896;130;410
2957;134;411
3026;140;412
3122;157;413
3223;170;414
3325;170;415
3359;168;416
3402;182;417
3523;187;418
3609;192;419
3708;193;420
3767;188;421
3864;214;422
3920;236;423
3937;265;424
3948;263;425
4012;263;426
4020;271;427
4064;289;428
4093;295;429
4156;304;430
4190;303;431
4205;312;432
4190;324;433
4212;326;434
4196;337;435
4122;356;436
4141;369;437
4039;376;438
3987;380;439
4014;377;440
4069;387;441
4025;385;442
4030;412;443
3956;418;444
3884;433;445
3820;441;446
3762;440;447
3665;460;448
3674;473;449
3603;484;450
3552;486;451
3536;497;452
3458;508;453
3414;538;454
3379;538;455
3332;530;456
3282;557;457
3232;568;458
3117;565;459
3142;606;460
3056;615;461
3008;625;462
2972;629;463
2898;625;464
2819;647;465
2766;630;466
2703;636;467
2665;647;468
2581;676;469
2485;682;470
2380;688;471
2253;679;472
2169;669;473
2145;674;474
2126;654;475
2053;637;476
2061;641;477
2013;607;478
1959;585;479
2000;603;480
1964;595;481
1934;611;482
1895;603;483
1884;595;484
1872;591;485
1815;577;486
1850;531;487
1846;509;488
1839;479;489
1792;468;490
1787;466;491
1789;449;492
1763;443;493
1725;437;494
1636;425;495
1578;416;496
1561;413;497
1520;397;498
1506;368;499
1520;367;500
1538;362;501
1539;356;502
1490;351;503
1451;346;504
1426;353;505
1409;360;506
1362;358;507
1321;354;508
1279;355;509
1268;360;510
1240;360;511
1242;362;512
1224;365;513
1230;369;514
1198;373;515
1147;368;516
1072;363;517
1068;361;518
1004;391;519
956;401;520
891;405;521
873;423;522
824;425;523
798;423;524
731;436;525
691;451;526
696;441;527
646;438;528
615;432;529
586;456;530
560;455;531
524;456;532
494;437;533
456;442;534
467;455;535
446;443;536
440;423;537
429;424;538
438;425;539
420;392;540
413;369;541
442;362;542
451;352;543
434;340;544
435;333;545
441;328;546
442;320;547
461;299;548
475;307;549
491;307;550
483;299;551
484;287;552
497;280;553
504;271;554
533;272;555
560;260;556
597;262;557
591;266;558
614;266;559
627;252;560
640;233;561
633;216;562
664;203;563
707;196;564
709;191;565
748;178;566
752;164;567
777;142;568
813;140;569
836;130;570
853;116;571
878;112;572
897;101;573
912;104;574
941;90;575
943;98;576
988;108;577
1015;103;578
1064;102;579
1100;123;580
1114;127;581
1087;119;582
1118;121;583
1130;117;584
1156;127;585
1156;125;586
1151;125;587
1187;130;588
1200;136;589
1217;153;590
1244;156;591
1263;164;592
1313;167;593
1336;176;594
1341;182;595
1372;193;596
1370;196;597
1379;196;598
1372;198;599
1387;205;600
1394;212;601
1382;225;602
1391;232;603
1363;239;604
1381;269;605
1381;280;606
1376;284;607
1390;293;608
1340;303;609
1324;315;610
1336;316;611
1317;316;612
1308;309;613
1324;318;614
1314;329;615
1274;326;616
1243;324;617
1226;336;618
1200;373;619
1204;393;620
1184;394;621
1210;402;622
1186;399;623
1153;412;624
1134;424;625
1115;448;626
1113;454;627
1114;472;628
1154;475;629
1121;482;630
1135;504;631
1112;544;632
1121;555;633
1128;567;634
1147;567;635
1097;567;636
1085;562;637
1066;565;638
1049;588;639
1042;592;640
1015;604;641
1029;592;642
1023;599;643
1023;591;644
1022;591;645
996;586;646
973;587;647
956;573;648
929;563;649
905;554;650
870;568;651
865;581;652
857;583;653
858;582;654
826;570;655
806;569;656
784;530;657
758;522;658
749;508;659
732;519;660
706;510;661
731;503;662
726;496;663
710;476;664
705;475;665
715;465;666
739;453;667
756;459;668
761;441;669
770;425;670
816;411;671
815;398;672
819;384;673
823;378;674
835;373;675
851;367;676
867;352;677
884;335;678
907;323;679
938;312;680
945;309;681
976;300;682
980;294;683
992;283;684
996;294;685
1001;278;686
992;265;687
1029;250;688
1101;254;689
1100;248;690
1087;245;691
1106;233;692
1133;223;693
1107;228;694
1115;230;695
1132;223;696
1158;228;697
1186;222;698
1180;218;699
1192;226;700
1192;234;701
1185;235;702
1219;236;703
1188;226;704
1172;217;705
1204;229;706
1215;242;707
1222;241;708
1212;251;709
1219;266;710
1229;265;711
1210;259;712
1206;260;713
1211;260;714
1234;259;715
1272;264;716
1300;276;717
1315;276;718
1325;272;719
1310;272;720
1344;295;721
1360;286;722
1389;287;723
1446;286;724
1496;286;725
1497;292;726
1556;293;727
1588;307;728
1597;317;729
1663;326;730
1735;333;731
1743;334;732
1763;333;733
1789;328;734
1822;335;735
1847;349;736
1863;341;737
1869;340;738
1921;333;739
1962;343;740
1987;351;741
2039;350;742
2016;350;743
1994;348;744
2004;357;745
1993;360;746
1960;359;747
1918;373;748
1952;371;749
1956;381;750
1952;385;751
1863;383;752
1858;388;753
1847;379;754
1807;402;755
1749;417;756
1715;423;757
1683;412;758
1642;431;759
1617;439;760
1598;463;761
1594;465;762
1579;476;763
1570;465;764
1554;477;765
1523;485;766
1536;484;767
1571;507;768
1554;516;769
1535;528;770
1505;526;771
1467;537;772
1459;537;773
1476;521;774
1499;500;775
1508;495;776
1475;498;777
1457;500;778
1466;495;779
1485;498;780
1477;486;781
1451;484;782
1404;481;783
1379;475;784
1362;497;785
1331;496;786
1342;505;787
1357;482;788
1344;486;789
1321;485;790
1299;474;791
1245;460;792
1217;456;793
1200;447;794
1155;432;795
1137;419;796
1119;431;797
1122;418;798
1126;411;799
1119;419;800
1142;421;801
1160;440;802
1118;444;803
1102;443;804
1117;414;805
1103;417;806
1077;425;807
1073;434;808
1064;434;809
1038;432;810
1029;441;811
1032;468;812
1025;476;813
997;492;814
986;513;815
979;515;816
956;508;817
941;511;818
932;542;819
939;541;820
908;535;821
870;529;822
844;542;823
803;531;824
792;527;825
779;515;826
767;516;827
772;507;828
725;486;829
738;452;830
697;441;831
700;420;832
700;412;833
698;400;834
686;385;835
673;384;836
679;370;837
689;367;838
668;376;839
646;376;840
652;374;841
652;377;842
656;371;843
626;389;844
638;388;845
650;384;846
655;373;847
632;368;848
613;384;849
608;409;850
611;394;851
596;402;852
553;395;853
558;384;854
554;371;855
547;372;856
537;357;857
500;355;858
491;348;859
507;342;860
518;344;861
503;350;862
535;343;863
539;330;864
547;337;865
547;334;866
557;315;867
534;290;868
523;283;869
505;264;870
513;259;871
522;244;872
529;248;873
511;249;874
506;243;875
512;236;876
498;228;877
500;225;878
508;219;879
521;208;880
549;212;881
563;210;882
553;205;883
573;220;884
601;210;885
613;202;886
601;196;887
600;192;888
579;200;889
603;213;890
598;213;891
601;208;892
620;235;893
654;239;894
681;231;895
672;243;896
665;243;897
661;249;898
652;244;899
678;249;900
679;249;901
686;245;902
697;245;903
720;266;904
739;280;905
757;276;906
793;269;907
784;278;908
808;276;909
800;282;910
828;266;911
839;268;912
872;277;913
908;276;914
929;274;915
930;272;916
948;267;917
963;275;918
996;289;919
1054;291;920
1093;292;921
1136;292;922
1160;282;923
1170;286;924
1173;297;925
1240;314;926
1210;314;927
1275;316;928
1299;316;929
1330;307;930
1372;301;931
1419;307;932
1470;318;933
1491;311;934
1480;321;935
1534;316;936
1577;307;937
1606;306;938
1606;309;939
1635;333;940
1667;339;941
1670;355;942
1682;340;943
1648;348;944
1657;347;945
1669;370;946
1731;383;947
1739;383;948
1765;373;949
1798;374;950
1880;393;951
1899;424;952
1921;413;953
1909;417;954
1902;410;955
1929;427;956
1893;433;957
1921;430;958
1962;435;959
2037;441;960
2048;452;961
2108;448;962
2102;444;963
2161;442;964
2210;433;965
2223;450;966
2220;464;967
2264;479;968
2299;489;969
2292;471;970
2342;465;971
2343;472;972
2363;489;973
2362;506;974
2365;527;975
2339;533;976
2364;536;977
2385;548;978
2366;542;979
2313;554;980
2243;571;981
2186;585;982
2147;605;983
2109;600;984
2067;606;985
2027;600;986
1934;618;987
1903;637;988
1888;644;989
1833;646;990
1796;643;991
1726;644;992
1662;638;993
1602;637;994
1524;635;995
1471;645;996
1431;647;997
1438;644;998
1364;665;999
1286;662;1000
1241;674;1001
1223;662;1002
1189;648;1003
1132;644;1004
1079;631;1005
1039;636;1006
1015;627;1007
1034;622;1008
979;613;1009
972;608;1010
952;601;1011
923;593;1012
912;579;1013
880;557;1014
837;547;1015
829;524;1016
825;506;1017
807;502;1018
791;497;1019
780;478;1020
753;476;1021
725;467;1022
717;447;1023
670;430;1024
674;414;1025
630;407;1026
589;405;1027
591;382;1028
576;377;1029
532;360;1030
541;353;1031
555;341;1032
509;332;1033
520;336;1034
508;338;1035
502;331;1036
514;316;1037
517;318;1038
487;315;1039
474;306;1040
458;322;1041
448;318;1042
461;323;1043
449;313;1044
427;305;1045
439;302;1046
440;285;1047
448;303;1048
458;295;1049
453;291;1050
474;282;1051
464;271;1052
458;252;1053
447;242;1054
491;235;1055
501;238;1056
499;237;1057
502;239;1058
503;211;1059
507;213;1060
526;210;1061
541;208;1062
535;199;1063
537;197;1064
580;201;1065
590;200;1066
598;195;1067
603;208;1068
619;209;1069
641;230;1070
642;246;1071
654;251;1072
676;246;1073
692;240;1074
720;236;1075
725;248;1076
735;262;1077
745;270;1078
748;274;1079
759;269;1080
764;271;1081
746;276;1082
760;272;1083
761;281;1084
746;279;1085
758;271;1086
737;282;1087
737;278;1088
717;269;1089
736;274;1090
722;272;1091
710;284;1092
687;288;1093
676;285;1094
683;282;1095
694;281;1096
701;297;1097
729;300;1098
736;301;1099
733;296;1100
734;287;1101
736;283;1102
745;283;1103
764;287;1104
774;270;1105
782;268;1106
787;267;1107
813;271;1108
811;263;1109
828;245;1110
854;245;1111
891;253;1112
909;253;1113
906;258;1114
937;258;1115
954;257;1116
969;253;1117
961;248;1118
973;249;1119
987;243;1120
1021;243;1121
1028;242;1122
1039;239;1123
1040;235;1124
1083;226;1125
1123;224;1126
1144;241;1127
1180;240;1128
1227;255;1129
1249;257;1130
1270;259;1131
1309;266;1132
1343;274;1133
1404;276;1134
1438;297;1135
1493;312;1136
1503;321;1137
1517;318;1138
1523;330;1139
1540;340;1140
1557;343;1141
1555;331;1142
1587;330;1143
1595;348;1144
1610;349;1145
1621;357;1146
1639;375;1147
1628;380;1148
1599;377;1149
1556;395;1150
1546;413;1151
1523;439;1152
1511;440;1153
1501;450;1154
1469;442;1155
1458;459;1156
1444;476;1157
1481;479;1158
1462;507;1159
1423;513;1160
1410;528;1161
1426;539;1162
1427;549;1163
1420;569;1164
1414;569;1165
1413;587;1166
1422;598;1167
1388;602;1168
1383;619;1169
1377;620;1170
1360;641;1171
1342;652;1172
1307;673;1173
1232;663;1174
1207;663;1175
1169;676;1176
1118;670;1177
1048;651;1178
988;656;1179
936;667;1180
902;681;1181
848;678;1182
785;715;1183
748;726;1184
722;749;1185
670;750;1186
631;751;1187
587;756;1188
546;762;1189
518;762;1190
492;744;1191
464;739;1192
445;720;1193
415;709;1194
419;699;1195
399;693;1196
380;680;1197
379;633;1198
374;607;1199
358;590;1200
353;548;1201
346;529;1202
341;495;1203
339;476;1204
347;462;1205
344;448;1206
358;431;1207
370;410;1208
389;382;1209
403;362;1210
394;359;1211
392;330;1212
393;306;1213
390;304;1214
396;287;1215
404;281;1216
404;270;1217
404;278;1218
406;272;1219
396;259;1220
394;237;1221
389;228;1222
387;213;1223
391;194;1224
379;191;1225
375;187;1226
363;184;1227
366;177;1228
384;173;1229
397;169;1230
409;167;1231
431;154;1232
451;155;1233
468;159;1234
464;159;1235
477;151;1236
502;139;1237
502;133;1238
505;127;1239
514;128;1240
536;133;1241
544;132;1242
555;126;1243
575;128;1244
588;131;1245
628;129;1246
674;131;1247
701;127;1248
721;144;1249
750;143;1250
762;142;1251
790;131;1252
803;125;1253
813;122;1254
853;118;1255
918;120;1256
924;137;1257
976;136;1258
1000;139;1259
1043;139;1260
1070;141;1261
1097;151;1262
1129;145;1263
1177;145;1264
1194;146;1265
1233;146;1266
1281;139;1267
1272;141;1268
1320;153;1269
1325;159;1270
1340;164;1271
1328;160;1272
1340;160;1273
1350;163;1274
1373;165;1275
1363;172;1276
1391;171;1277
1423;176;1278
1460;195;1279
1476;195;1280
1500;220;1281
1520;225;1282
1535;231;1283
1542;234;1284
1541;238;1285
1546;238;1286
1620;260;1287
1641;261;1288
1690;264;1289
1689;278;1290
1717;276;1291
1731;280;1292
1717;290;1293
1750;296;1294
1803;318;1295
1812;327;1296
1815;343;1297
1890;358;1298
1894;366;1299
1950;380;1300
1966;406;1301
1996;426;1302
1984;434;1303
2029;437;1304
2015;430;1305
2074;450;1306
2083;452;1307
2079;455;1308
2091;462;1309
2068;453;1310
2075;460;1311
2119;464;1312
2135;455;1313
2107;465;1314
2106;459;1315
2104;449;1316
2115;445;1317
2143;461;1318
2147;454;1319
2159;445;1320
2193;448;1321
2129;451;1322
2133;471;1323
2098;459;1324
2122;464;1325
2115;463;1326
2068;444;1327
2024;437;1328
2041;446;1329
2021;448;1330
1993;452;1331
1964;439;1332
1958;419;1333
1899;431;1334
1862;438;1335
1831;438;1336
1794;442;1337
1770;436;1338
1741;444;1339
1714;449;1340
1689;450;1341
1657;447;1342
1634;445;1343
1632;482;1344
1600;493;1345
1582;498;1346
1582;492;1347
1546;485;1348
1512;495;1349
1480;489;1350
1462;495;1351
1439;513;1352
1394;495;1353
1377;489;1354
1347;488;1355
1353;484;1356
1297;464;1357
1287;456;1358
1298;461;1359
1250;477;1360
1242;471;1361
1228;432;1362
1193;423;1363
1176;411;1364
1150;415;1365
1131;408;1366
1102;401;1367
1055;410;1368
1024;416;1369
1012;406;1370
994;396;1371
989;384;1372
992;391;1373
1012;391;1374
993;400;1375
1004;392;1376
1000;378;1377
969;354;1378
982;337;1379
951;329;1380
939;332;1381
930;332;1382
921;321;1383
952;325;1384
953;316;1385
944;290;1386
916;272;1387
930;251;1388
960;253;1389
939;258;1390
952;243;1391
962;240;1392
998;219;1393
1015;216;1394
1032;220;1395
1040;227;1396
1065;235;1397
1101;233;1398
1125;219;1399
1186;209;1400
1203;204;1401
1235;209;1402
1296;218;1403
1333;219;1404
1352;225;1405
1392;235;1406
1455;238;1407
1503;227;1408
1556;229;1409
1613;233;1410
1659;232;1411
1721;241;1412
1746;234;1413
1815;254;1414
1875;252;1415
1889;256;1416
1894;256;1417
1927;264;1418
1966;266;1419
1995;277;1420
2018;275;1421
2079;280;1422
2117;289;1423
2125;286;1424
2153;282;1425
2195;306;1426
2204;308;1427
2219;318;1428
2234;335;1429
2284;345;1430
2312;346;1431
2303;340;1432
2332;336;1433
2364;341;1434
2364;345;1435
2357;352;1436
2382;363;1437
2370;372;1438
2418;398;1439
2398;405;1440
2399;399;1441
2364;420;1442
2357;438;1443
2368;448;1444
2361;464;1445
2320;475;1446
2307;486;1447
2264;515;1448
2231;527;1449
2144;549;1450
2091;575;1451
2051;570;1452
1953;566;1453
1894;579;1454
1796;592;1455
1758;607;1456
1703;610;1457
1675;613;1458
1634;614;1459
1605;650;1460
1547;657;1461
1483;661;1462
1408;663;1463
1365;672;1464
1295;696;1465
1264;682;1466
1257;683;1467
1210;684;1468
1181;693;1469
1124;702;1470
1085;719;1471
1023;720;1472
987;715;1473
927;692;1474
870;682;1475
805;680;1476
758;678;1477
730;646;1478
683;643;1479
656;638;1480
651;639;1481
601;624;1482
584;591;1483
578;579;1484
557;574;1485
562;574;1486
541;559;1487
528;550;1488
509;519;1489
495;484;1490
486;457;1491
475;440;1492
484;422;1493
496;415;1494
494;410;1495
497;419;1496
497;408;1497
491;386;1498
467;372;1499
439;364;1500
425;359;1501
438;364;1502
428;355;1503
416;340;1504
409;332;1505
418;321;1506
417;325;1507
414;309;1508
395;321;1509
377;317;1510
376;316;1511
364;306;1512
354;274;1513
337;244;1514
325;226;1515
321;222;1516
314;231;1517
304;221;1518
313;223;1519
316;207;1520
305;201;1521
307;191;1522
301;195;1523
294;185;1524
285;182;1525
278;178;1526
269;165;1527
255;155;1528
242;151;1529
238;143;1530
228;140;1531
216;140;1532
198;142;1533
194;138;1534
193;135;1535
195;133;1536
210;125;1537
197;121;1538
189;127;1539
189;124;1540
184;117;1541
170;113;1542
160;109;1543
166;103;1544
159;99;1545
166;92;1546
181;92;1547
183;94;1548
195;94;1549
201;85;1550
200;74;1551
204;72;1552
215;64;1553
229;57;1554
230;56;1555
236;51;1556
253;49;1557
254;41;1558
249;40;1559
252;43;1560
274;41;1561
284;38;1562
288;37;1563
308;38;1564
332;35;1565
350;36;1566
347;35;1567
364;40;1568
389;40;1569
416;42;1570
417;38;1571
430;39;1572
444;38;1573
484;38;1574
502;37;1575
523;38;1576
557;37;1577
575;33;1578
599;35;1579
615;34;1580
635;35;1581
670;34;1582
715;33;1583
720;32;1584
748;31;1585
781;33;1586
849;35;1587
917;35;1588
969;38;1589
1040;47;1590
1089;45;1591
1132;43;1592
1177;42;1593
1237;40;1594
1274;39;1595
1355;41;1596
1432;45;1597
1499;49;1598
1569;52;1599
1637;52;1600
1755;59;1601
1865;63;1602
1944;63;1603
2034;69;1604
2116;72;1605
2191;82;1606
2295;82;1607
2356;80;1608
2447;80;1609
2526;93;1610
2658;105;1611
2707;106;1612
2827;114;1613
2886;109;1614
3019;111;1615
3126;113;1616
3206;123;1617
3313;126;1618
3390;129;1619
3470;131;1620
3544;142;1621
3622;148;1622
3752;149;1623
3860;152;1624
3995;155;1625
4035;155;1626
4094;163;1627
4165;171;1628
4259;178;1629
4343;188;1630
4410;190;1631
4404;197;1632
4430;187;1633
4407;198;1634
4472;199;1635
4531;207;1636
4633;205;1637
4667;197;1638
4697;189;1639
4675;184;1640
4721;195;1641
4724;199;1642
4772;200;1643
4837;198;1644
4875;211;1645
4870;203;1646
4867;202;1647
4918;212;1648
4972;210;1649
4941;202;1650
4940;209;1651
4891;209;1652
4898;217;1653
4932;209;1654
4860;197;1655
4847;191;1656
4774;196;1657
4731;217;1658
4653;228;1659
4648;222;1660
4571;214;1661
4593;218;1662
4516;206;1663
4445;203;1664
4385;204;1665
4368;208;1666
4352;208;1667
4306;204;1668
4277;206;1669
4186;202;1670
4195;195;1671
4110;189;1672
4114;200;1673
4178;210;1674
4192;201;1675
4109;206;1676
4086;200;1677
4008;216;1678
4001;213;1679
3999;230;1680
3993;232;1681
4037;248;1682
4033;253;1683
4040;254;1684
4017;264;1685
3963;259;1686
3898;262;1687
3892;283;1688
3884;295;1689
3770;305;1690
3716;295;1691
3723;285;1692
3674;293;1693
3624;298;1694
3634;295;1695
3600;294;1696
3557;307;1697
3483;298;1698
3399;301;1699
3367;301;1700
3333;301;1701
3382;300;1702
3365;297;1703
3328;303;1704
3312;298;1705
3369;309;1706
3388;311;1707
3315;305;1708
3263;308;1709
3267;317;1710
3201;320;1711
3169;323;1712
3206;323;1713
3167;326;1714
3136;329;1715
3112;341;1716
3058;344;1717
2974;356;1718
2925;370;1719
2907;372;1720
2880;378;1721
2822;391;1722
2702;407;1723
2666;432;1724
2613;427;1725
2543;438;1726
2448;444;1727
2340;455;1728
2267;475;1729
2238;510;1730
2188;540;1731
2140;544;1732
2098;562;1733
2056;578;1734
2009;611;1735
1943;621;1736
1879;625;1737
1855;650;1738
1833;649;1739
1758;658;1740
1699;659;1741
1656;662;1742
1630;674;1743
1577;669;1744
1567;646;1745
1532;682;1746
1467;685;1747
1405;677;1748
1359;658;1749
1330;661;1750
1290;629;1751
1276;633;1752
1230;608;1753
1175;603;1754
1112;580;1755
1093;568;1756
1083;569;1757
1044;565;1758
1012;561;1759
971;532;1760
948;511;1761
951;518;1762
920;503;1763
859;467;1764
835;466;1765
806;458;1766
778;439;1767
733;420;1768
707;396;1769
691;400;1770
686;402;1771
666;417;1772
648;403;1773
663;388;1774
626;368;1775
628;342;1776
608;338;1777
609;349;1778
592;339;1779
575;330;1780
550;334;1781
535;330;1782
513;313;1783
514;308;1784
501;305;1785
480;298;1786
418;295;1787
398;281;1788
378;269;1789
330;251;1790
325;254;1791
300;238;1792
266;231;1793
238;230;1794
210;231;1795
202;220;1796
206;214;1797
195;205;1798
186;202;1799
167;190;1800
151;198;1801
145;197;1802
148;193;1803
127;189;1804
116;184;1805
103;182;1806
89;181;1807
81;170;1808
76;165;1809
70;162;1810
72;151;1811
73;144;1812
69;134;1813
61;130;1814
60;129;1815
52;124;1816
48;115;1817
46;113;1818
32;93;1819
30;80;1820
26;65;1821
23;61;1822
25;56;1823
23;53;1824
23;46;1825
27;45;1826
23;37;1827
23;32;1828
23;31;1829
23;30;1830
27;23;1831
26;19;1832
27;15;1833
24;12;1834
21;10;1835
17;7;1836
15;7;1837
14;5;1838
14;5;1839
18;2;1840
18;1;1841
18;1;1842
19;1;1843
19;1;1844
19;1;1845
17;1;1846
19;1;1847
22;0;1848
18;0;1849
18;0;1850
18;0;1851
23;0;1852
24;0;1853
20;0;1854
20;0;1855
19;0;1856
19;0;1857
19;0;1858
19;0;1859
19;0;1860
26;0;1861
25;0;1862
20;0;1863
25;0;1864
24;0;1865
23;0;1866
23;0;1867
21;0;1868
21;0;1869
19;0;1870
18;0;1871
18;0;1872
18;0;1873
17;0;1874
13;0;1875
16;0;1876
16;0;1877
16;0;1878
16;0;1879
16;0;1880
19;0;1881
19;0;1882
21;0;1883
14;0;1884
14;0;1885
13;0;1886
9;0;1887
9;0;1888
9;0;1889
9;0;1890
9;0;1891
9;0;1892
9;0;1893
14;0;1894
14;0;1895
14;0;1896
20;0;1897
20;0;1898
18;0;1899
18;0;1900
18;0;1901
18;0;1902
18;0;1903
15;0;1904
19;0;1905
17;0;1906
17;0;1907
17;0;1908
22;0;1909
22;0;1910
22;0;1911
24;0;1912
24;0;1913
28;0;1914
27;0;1915
27;0;1916
22;0;1917
22;0;1918
22;0;1919
17;0;1920
17;0;1921
20;0;1922
20;0;1923
24;0;1924
29;0;1925
34;0;1926
34;0;1927
30;0;1928
34;0;1929
41;0;1930
40;0;1931
36;0;1932
36;0;1933
44;0;1934
45;0;1935
45;0;1936
41;0;1937
41;0;1938
46;0;1939
46;0;1940
50;0;1941
55;0;1942
54;0;1943
54;0;1944
65;0;1945
69;0;1946
70;0;1947
67;0;1948
74;0;1949
79;0;1950
81;0;1951
82;0;1952
75;0;1953
87;0;1954
87;0;1955
90;0;1956
91;0;1957
97;0;1958
104;0;1959
121;0;1960
120;0;1961
126;0;1962
132;0;1963
137;0;1964
155;0;1965
164;0;1966
171;0;1967
159;0;1968
173;0;1969
178;0;1970
185;0;1971
201;0;1972
202;0;1973
209;0;1974
252;0;1975
271;0;1976
267;0;1977
277;0;1978
279;0;1979
304;0;1980
331;0;1981
342;0;1982
352;0;1983
373;0;1984
399;0;1985
412;0;1986
440;0;1987
459;0;1988
490;0;1989
522;0;1990
552;0;1991
571;0;1992
602;0;1993
653;0;1994
681;0;1995
741;0;1996
781;0;1997
806;0;1998
854;0;1999
