prey;predator;iteration
404;84;0
398;84;1
395;84;2
392;84;3
393;84;4
410;84;5
422;84;6
470;84;7
506;84;8
560;85;9
602;85;10
644;79;11
685;87;12
711;98;13
712;103;14
761;107;15
780;106;16
808;84;17
852;81;18
874;83;19
848;92;20
830;97;21
836;109;22
870;107;23
899;105;24
967;93;25
1017;106;26
1058;117;27
1081;122;28
1115;124;29
1176;133;30
1221;129;31
1233;133;32
1238;143;33
1274;152;34
1320;155;35
1358;154;36
1407;156;37
1446;164;38
1510;167;39
1581;180;40
1630;191;41
1653;190;42
1727;205;43
1773;210;44
1810;225;45
1897;223;46
1946;246;47
2001;243;48
2068;245;49
2106;251;50
2160;257;51
2206;279;52
2256;294;53
2281;320;54
2318;332;55
2366;349;56
2390;375;57
2402;385;58
2451;402;59
2478;414;60
2509;422;61
2501;443;62
2470;458;63
2452;485;64
2522;481;65
2525;508;66
2486;539;67
2443;550;68
2425;575;69
2413;593;70
2423;615;71
2361;625;72
2317;658;73
2275;674;74
2204;688;75
2132;705;76
2048;708;77
1998;725;78
1941;733;79
1897;732;80
1786;751;81
1727;722;82
1660;736;83
1615;743;84
1573;753;85
1502;744;86
1416;736;87
1358;728;88
1294;729;89
1321;736;90
1280;726;91
1275;712;92
1224;706;93
1206;696;94
1194;686;95
1160;686;96
1143;655;97
1096;626;98
1083;594;99
1063;603;100
1045;583;101
1031;566;102
1009;547;103
995;551;104
946;538;105
898;524;106
852;520;107
848;517;108
843;517;109
835;515;110
803;510;111
783;487;112
755;493;113
745;472;114
717;475;115
696;474;116
684;472;117
671;455;118
641;462;119
650;466;120
658;453;121
663;448;122
653;443;123
628;461;124
605;459;125
591;447;126
587;440;127
579;439;128
577;434;129
554;433;130
540;431;131
539;434;132
538;425;133
503;431;134
486;439;135
460;429;136
434;428;137
409;424;138
401;421;139
391;411;140
387;398;141
356;381;142
340;368;143
311;365;144
285;350;145
288;348;146
279;345;147
260;324;148
228;313;149
220;300;150
219;288;151
225;272;152
215;256;153
212;247;154
215;231;155
220;226;156
211;226;157
209;224;158
212;222;159
217;223;160
217;218;161
217;199;162
232;195;163
225;203;164
231;201;165
228;204;166
233;190;167
231;187;168
256;187;169
239;177;170
248;170;171
242;161;172
251;171;173
255;174;174
258;174;175
261;175;176
262;165;177
264;171;178
265;177;179
261;173;180
268;170;181
275;157;182
267;143;183
271;135;184
265;144;185
277;152;186
284;144;187
292;144;188
308;144;189
311;142;190
301;134;191
304;139;192
298;139;193
307;133;194
306;133;195
303;123;196
306;133;197
329;143;198
322;135;199
324;134;200
321;131;201
321;128;202
333;121;203
360;111;204
351;106;205
380;102;206
413;96;207
418;95;208
431;91;209
443;89;210
450;95;211
475;98;212
491;98;213
507;95;214
548;85;215
548;77;216
554;80;217
576;74;218
574;77;219
592;76;220
621;75;221
625;75;222
643;76;223
654;80;224
688;83;225
703;89;226
703;87;227
707;88;228
757;83;229
785;87;230
811;89;231
839;98;232
889;100;233
918;99;234
946;106;235
985;110;236
1005;118;237
1025;131;238
1078;130;239
1118;128;240
1118;127;241
1149;128;242
1169;131;243
1174;129;244
1197;138;245
1215;132;246
1254;128;247
1282;123;248
1286;122;249
1307;137;250
1349;144;251
1357;152;252
1363;156;253
1379;155;254
1381;151;255
1403;161;256
1435;172;257
1447;179;258
1463;189;259
1477;184;260
1519;191;261
1536;192;262
1568;187;263
1652;185;264
1684;179;265
1745;183;266
1769;192;267
1798;182;268
1825;172;269
1848;171;270
1918;172;271
1905;170;272
1931;170;273
1930;167;274
1968;175;275
1975;173;276
1979;156;277
2003;160;278
2071;157;279
2064;172;280
2137;171;281
2106;168;282
2117;159;283
2133;150;284
2163;138;285
2199;142;286
2182;146;287
2218;134;288
2284;134;289
2325;133;290
2372;129;291
2459;141;292
2465;138;293
2549;142;294
2602;146;295
2644;151;296
2658;145;297
2717;139;298
2740;150;299
2780;160;300
2790;164;301
2783;162;302
2888;159;303
2926;175;304
2935;173;305
2961;177;306
2930;181;307
3002;183;308
3034;191;309
3068;200;310
3130;199;311
3154;205;312
3188;217;313
3171;208;314
3225;209;315
3270;213;316
3296;216;317
3343;213;318
3302;209;319
3302;209;320
3322;210;321
3395;201;322
3445;215;323
3465;222;324
3474;217;325
3465;215;326
3426;228;327
3416;222;328
3391;235;329
3440;237;330
3447;245;331
3483;253;332
3475;249;333
3464;265;334
3486;260;335
3530;266;336
3523;277;337
3504;289;338
3538;310;339
3566;305;340
3553;313;341
3530;323;342
3522;334;343
3546;331;344
3572;337;345
3599;344;346
3576;370;347
3543;395;348
3550;396;349
3585;399;350
3572;402;351
3546;409;352
3502;436;353
3533;441;354
3476;445;355
3439;453;356
3379;454;357
3326;479;358
3318;514;359
3281;531;360
3216;546;361
3174;542;362
3180;563;363
3120;569;364
3036;578;365
2893;592;366
2839;592;367
2853;593;368
2837;617;369
2729;633;370
2733;643;371
2651;648;372
2624;667;373
2576;688;374
2542;696;375
2522;690;376
2481;693;377
2335;705;378
2297;719;379
2292;714;380
2242;732;381
2244;737;382
2231;746;383
2148;751;384
2097;757;385
2077;746;386
1990;730;387
2025;745;388
2050;744;389
2026;738;390
2003;716;391
1947;681;392
1911;655;393
1935;653;394
1903;651;395
1875;641;396
1893;619;397
1847;623;398
1792;587;399
1757;563;400
1751;550;401
1707;544;402
1693;507;403
1632;493;404
1589;484;405
1571;463;406
1541;452;407
1485;438;408
1440;438;409
1407;420;410
1408;423;411
1359;406;412
1320;393;413
1309;392;414
1319;375;415
1257;361;416
1211;364;417
1177;377;418
1155;379;419
1143;367;420
1132;364;421
1116;366;422
1098;357;423
1124;366;424
1131;352;425
1130;362;426
1109;370;427
1107;370;428
1116;370;429
1088;370;430
1078;370;431
1037;360;432
1026;345;433
1026;374;434
1029;381;435
997;388;436
971;374;437
946;392;438
941;431;439
911;441;440
891;432;441
852;425;442
809;439;443
778;436;444
751;433;445
731;448;446
676;451;447
637;462;448
617;483;449
581;478;450
549;475;451
529;472;452
518;455;453
504;450;454
489;451;455
471;450;456
449;429;457
450;414;458
421;411;459
410;422;460
380;418;461
382;411;462
386;410;463
391;402;464
358;404;465
352;399;466
336;389;467
324;372;468
294;376;469
295;374;470
284;362;471
272;365;472
250;353;473
227;345;474
215;327;475
206;311;476
203;299;477
186;296;478
170;273;479
158;269;480
154;253;481
148;229;482
139;215;483
148;197;484
143;194;485
139;192;486
138;171;487
140;156;488
140;150;489
134;132;490
127;121;491
143;110;492
154;101;493
161;94;494
160;89;495
169;78;496
171;69;497
174;63;498
184;57;499
188;52;500
200;50;501
221;47;502
228;41;503
223;35;504
230;29;505
240;24;506
243;24;507
263;18;508
276;21;509
283;24;510
310;28;511
335;27;512
348;25;513
347;24;514
365;26;515
377;25;516
390;24;517
388;27;518
386;26;519
406;25;520
431;24;521
461;23;522
491;28;523
515;28;524
525;28;525
568;28;526
586;27;527
618;24;528
622;20;529
690;19;530
700;19;531
728;19;532
770;14;533
796;14;534
829;13;535
872;9;536
905;8;537
936;8;538
974;7;539
1018;7;540
1101;7;541
1114;5;542
1152;5;543
1182;5;544
1255;4;545
1254;4;546
1306;4;547
1360;4;548
1389;3;549
1413;1;550
1436;1;551
1467;1;552
1554;1;553
1626;3;554
1669;2;555
1729;2;556
1813;2;557
1851;2;558
1920;2;559
1968;2;560
1999;2;561
2021;2;562
2051;2;563
2076;2;564
2061;2;565
2129;2;566
2165;2;567
2263;2;568
2269;2;569
2306;2;570
2353;2;571
2390;1;572
2446;1;573
2442;1;574
2503;1;575
2565;1;576
2627;1;577
2673;1;578
2748;1;579
2835;1;580
2902;0;581
2940;0;582
3008;0;583
2991;0;584
3087;0;585
3105;0;586
3139;0;587
3221;0;588
3248;0;589
3301;0;590
3381;0;591
3440;0;592
3497;0;593
3601;0;594
3644;0;595
3673;0;596
3741;0;597
3799;0;598
3892;0;599
3997;0;600
4055;0;601
4130;0;602
4214;0;603
4236;0;604
4307;0;605
4326;0;606
4351;0;607
4339;0;608
4401;0;609
4444;0;610
4438;0;611
4479;0;612
4452;0;613
4455;0;614
4436;0;615
4455;0;616
4488;0;617
4557;0;618
4608;0;619
4661;0;620
4642;0;621
4710;0;622
4850;0;623
4943;0;624
5063;0;625
5180;0;626
5307;0;627
5402;0;628
5482;0;629
5535;0;630
5653;0;631
5636;0;632
5705;0;633
5754;0;634
5825;0;635
5805;0;636
5828;0;637
5826;0;638
5781;0;639
5769;0;640
5693;0;641
5562;0;642
5469;0;643
5473;0;644
5495;0;645
5525;0;646
5484;0;647
5450;0;648
5465;0;649
5430;0;650
5365;0;651
5357;0;652
5380;0;653
5395;0;654
5352;0;655
5434;0;656
5445;0;657
5495;0;658
5577;0;659
5651;0;660
5602;0;661
5547;0;662
5477;0;663
5534;0;664
5473;0;665
5496;0;666
5483;0;667
5493;0;668
5444;0;669
5362;0;670
5333;0;671
5231;0;672
5188;0;673
5175;0;674
5143;0;675
5066;0;676
5115;0;677
5134;0;678
5181;0;679
5110;0;680
5140;0;681
5194;0;682
5173;0;683
5220;0;684
5276;0;685
5346;0;686
5332;0;687
5379;0;688
5442;0;689
5497;0;690
5496;0;691
5505;0;692
5551;0;693
5605;0;694
5612;0;695
5634;0;696
5602;0;697
5620;0;698
5646;0;699
5557;0;700
5519;0;701
5459;0;702
5544;0;703
5511;0;704
5439;0;705
5429;0;706
5485;0;707
5484;0;708
5483;0;709
5486;0;710
5447;0;711
5434;0;712
5413;0;713
5365;0;714
5320;0;715
5361;0;716
5353;0;717
5370;0;718
5281;0;719
5300;0;720
5257;0;721
5222;0;722
5182;0;723
5209;0;724
5185;0;725
5168;0;726
5197;0;727
5177;0;728
5228;0;729
5254;0;730
5232;0;731
5256;0;732
5274;0;733
5250;0;734
5305;0;735
5332;0;736
5349;0;737
5372;0;738
5391;0;739
5385;0;740
5418;0;741
5398;0;742
5292;0;743
5359;0;744
5358;0;745
5280;0;746
5212;0;747
5260;0;748
5217;0;749
5276;0;750
5262;0;751
5246;0;752
5289;0;753
5240;0;754
5303;0;755
5358;0;756
5348;0;757
5344;0;758
5359;0;759
5375;0;760
5355;0;761
5443;0;762
5559;0;763
5554;0;764
5602;0;765
5627;0;766
5629;0;767
5654;0;768
5584;0;769
5584;0;770
5547;0;771
5589;0;772
5638;0;773
5605;0;774
5629;0;775
5674;0;776
5627;0;777
5618;0;778
5624;0;779
5618;0;780
5571;0;781
5588;0;782
5548;0;783
5514;0;784
5529;0;785
5548;0;786
5585;0;787
5557;0;788
5608;0;789
5593;0;790
5594;0;791
5540;0;792
5543;0;793
5508;0;794
5460;0;795
5472;0;796
5477;0;797
5522;0;798
5544;0;799
5502;0;800
5489;0;801
5530;0;802
5532;0;803
5564;0;804
5493;0;805
5520;0;806
5578;0;807
5577;0;808
5597;0;809
5630;0;810
5695;0;811
5712;0;812
5678;0;813
5677;0;814
5670;0;815
5724;0;816
5732;0;817
5685;0;818
5609;0;819
5598;0;820
5619;0;821
5566;0;822
5517;0;823
5499;0;824
5504;0;825
5488;0;826
5474;0;827
5423;0;828
5412;0;829
5430;0;830
5483;0;831
5424;0;832
5340;0;833
5403;0;834
5383;0;835
5374;0;836
5313;0;837
5402;0;838
5442;0;839
5387;0;840
5372;0;841
5375;0;842
5394;0;843
5458;0;844
5403;0;845
5409;0;846
5415;0;847
5407;0;848
5440;0;849
5394;0;850
5452;0;851
5452;0;852
5438;0;853
5358;0;854
5356;0;855
5386;0;856
5413;0;857
5357;0;858
5346;0;859
5341;0;860
5417;0;861
5349;0;862
5323;0;863
5310;0;864
5341;0;865
5420;0;866
5406;0;867
5376;0;868
5439;0;869
5421;0;870
5450;0;871
5459;0;872
5429;0;873
5477;0;874
5509;0;875
5493;0;876
5526;0;877
5492;0;878
5503;0;879
5466;0;880
5452;0;881
5455;0;882
5417;0;883
5391;0;884
5378;0;885
5336;0;886
5339;0;887
5293;0;888
5308;0;889
5365;0;890
5388;0;891
5390;0;892
5377;0;893
5417;0;894
5427;0;895
5469;0;896
5498;0;897
5415;0;898
5497;0;899
5526;0;900
5455;0;901
5468;0;902
5416;0;903
5497;0;904
5429;0;905
5297;0;906
5291;0;907
5369;0;908
5358;0;909
5326;0;910
5328;0;911
5306;0;912
5295;0;913
5272;0;914
5237;0;915
5186;0;916
5302;0;917
5292;0;918
5323;0;919
5348;0;920
5325;0;921
5391;0;922
5349;0;923
5307;0;924
5278;0;925
5296;0;926
5329;0;927
5277;0;928
5276;0;929
5259;0;930
5305;0;931
5326;0;932
5303;0;933
5260;0;934
5287;0;935
5247;0;936
5256;0;937
5316;0;938
5417;0;939
5376;0;940
5419;0;941
5427;0;942
5407;0;943
5368;0;944
5334;0;945
5368;0;946
5403;0;947
5437;0;948
5474;0;949
5558;0;950
5549;0;951
5535;0;952
5549;0;953
5528;0;954
5534;0;955
5541;0;956
5575;0;957
5568;0;958
5626;0;959
5684;0;960
5681;0;961
5795;0;962
5744;0;963
5747;0;964
5719;0;965
5725;0;966
5755;0;967
5808;0;968
5762;0;969
5818;0;970
5779;0;971
5781;0;972
5794;0;973
5721;0;974
5709;0;975
5694;0;976
5632;0;977
5595;0;978
5617;0;979
5640;0;980
5608;0;981
5550;0;982
5560;0;983
5502;0;984
5476;0;985
5469;0;986
5478;0;987
5487;0;988
5503;0;989
5508;0;990
5453;0;991
5445;0;992
5531;0;993
5542;0;994
5530;0;995
5469;0;996
5524;0;997
5502;0;998
5450;0;999
5438;0;1000
5426;0;1001
5441;0;1002
5405;0;1003
5354;0;1004
5396;0;1005
5390;0;1006
5449;0;1007
5425;0;1008
5359;0;1009
5376;0;1010
5412;0;1011
5431;0;1012
5399;0;1013
5440;0;1014
5449;0;1015
5396;0;1016
5385;0;1017
5372;0;1018
5364;0;1019
5361;0;1020
5331;0;1021
5409;0;1022
5368;0;1023
5385;0;1024
5496;0;1025
5495;0;1026
5427;0;1027
5465;0;1028
5503;0;1029
5406;0;1030
5413;0;1031
5447;0;1032
5468;0;1033
5518;0;1034
5512;0;1035
5509;0;1036
5490;0;1037
5432;0;1038
5468;0;1039
5386;0;1040
5272;0;1041
5207;0;1042
5205;0;1043
5221;0;1044
5250;0;1045
5338;0;1046
5380;0;1047
5382;0;1048
5374;0;1049
5354;0;1050
5348;0;1051
5346;0;1052
5311;0;1053
5410;0;1054
5359;0;1055
5382;0;1056
5476;0;1057
5476;0;1058
5534;0;1059
5530;0;1060
5473;0;1061
5464;0;1062
5482;0;1063
5469;0;1064
5517;0;1065
5454;0;1066
5436;0;1067
5448;0;1068
5460;0;1069
5432;0;1070
5418;0;1071
5438;0;1072
5416;0;1073
5485;0;1074
5451;0;1075
5426;0;1076
5436;0;1077
5480;0;1078
5445;0;1079
5525;0;1080
5447;0;1081
5383;0;1082
5353;0;1083
5443;0;1084
5431;0;1085
5403;0;1086
5391;0;1087
5380;0;1088
5374;0;1089
5313;0;1090
5333;0;1091
5354;0;1092
5374;0;1093
5311;0;1094
5306;0;1095
5319;0;1096
5287;0;1097
5373;0;1098
5288;0;1099
5211;0;1100
5210;0;1101
5254;0;1102
5337;0;1103
5359;0;1104
5382;0;1105
5374;0;1106
5364;0;1107
5363;0;1108
5348;0;1109
5333;0;1110
5331;0;1111
5275;0;1112
5274;0;1113
5180;0;1114
5240;0;1115
5323;0;1116
5332;0;1117
5305;0;1118
5320;0;1119
5276;0;1120
5257;0;1121
5229;0;1122
5214;0;1123
5159;0;1124
5131;0;1125
5161;0;1126
5189;0;1127
5179;0;1128
5176;0;1129
5208;0;1130
5172;0;1131
5113;0;1132
5116;0;1133
5180;0;1134
5154;0;1135
5191;0;1136
5261;0;1137
5215;0;1138
5206;0;1139
5274;0;1140
5275;0;1141
5323;0;1142
5355;0;1143
5387;0;1144
5423;0;1145
5411;0;1146
5387;0;1147
5442;0;1148
5517;0;1149
5520;0;1150
5567;0;1151
5547;0;1152
5487;0;1153
5486;0;1154
5579;0;1155
5639;0;1156
5617;0;1157
5614;0;1158
5605;0;1159
5583;0;1160
5554;0;1161
5557;0;1162
5553;0;1163
5565;0;1164
5526;0;1165
5569;0;1166
5622;0;1167
5551;0;1168
5561;0;1169
5558;0;1170
5432;0;1171
5330;0;1172
5316;0;1173
5255;0;1174
5239;0;1175
5200;0;1176
5201;0;1177
5148;0;1178
5133;0;1179
5102;0;1180
5079;0;1181
5113;0;1182
5135;0;1183
5208;0;1184
5235;0;1185
5325;0;1186
5308;0;1187
5372;0;1188
5378;0;1189
5437;0;1190
5363;0;1191
5387;0;1192
5466;0;1193
5515;0;1194
5600;0;1195
5621;0;1196
5623;0;1197
5653;0;1198
5582;0;1199
5503;0;1200
5465;0;1201
5447;0;1202
5431;0;1203
5493;0;1204
5538;0;1205
5477;0;1206
5570;0;1207
5584;0;1208
5523;0;1209
5455;0;1210
5414;0;1211
5417;0;1212
5428;0;1213
5407;0;1214
5405;0;1215
5480;0;1216
5487;0;1217
5448;0;1218
5424;0;1219
5358;0;1220
5361;0;1221
5438;0;1222
5416;0;1223
5463;0;1224
5439;0;1225
5474;0;1226
5539;0;1227
5557;0;1228
5555;0;1229
5579;0;1230
5637;0;1231
5630;0;1232
5564;0;1233
5574;0;1234
5597;0;1235
5625;0;1236
5597;0;1237
5603;0;1238
5574;0;1239
5507;0;1240
5527;0;1241
5521;0;1242
5528;0;1243
5576;0;1244
5467;0;1245
5448;0;1246
5455;0;1247
5472;0;1248
5511;0;1249
5416;0;1250
5432;0;1251
5499;0;1252
5476;0;1253
5506;0;1254
5537;0;1255
5534;0;1256
5512;0;1257
5444;0;1258
5374;0;1259
5290;0;1260
5308;0;1261
5325;0;1262
5301;0;1263
5244;0;1264
5189;0;1265
5155;0;1266
5189;0;1267
5146;0;1268
5091;0;1269
5029;0;1270
5073;0;1271
5121;0;1272
5113;0;1273
5168;0;1274
5202;0;1275
5233;0;1276
5245;0;1277
5302;0;1278
5245;0;1279
5291;0;1280
5339;0;1281
5368;0;1282
5351;0;1283
5291;0;1284
5409;0;1285
5439;0;1286
5486;0;1287
5413;0;1288
5425;0;1289
5516;0;1290
5483;0;1291
5506;0;1292
5513;0;1293
5482;0;1294
5545;0;1295
5595;0;1296
5658;0;1297
5682;0;1298
5638;0;1299
5604;0;1300
5555;0;1301
5585;0;1302
5547;0;1303
5578;0;1304
5635;0;1305
5484;0;1306
5566;0;1307
5568;0;1308
5486;0;1309
5512;0;1310
5498;0;1311
5430;0;1312
5431;0;1313
5448;0;1314
5477;0;1315
5576;0;1316
5551;0;1317
5465;0;1318
5455;0;1319
5411;0;1320
5326;0;1321
5397;0;1322
5404;0;1323
5441;0;1324
5464;0;1325
5463;0;1326
5453;0;1327
5447;0;1328
5405;0;1329
5444;0;1330
5437;0;1331
5385;0;1332
5493;0;1333
5503;0;1334
5595;0;1335
5499;0;1336
5522;0;1337
5487;0;1338
5482;0;1339
5463;0;1340
5471;0;1341
5454;0;1342
5525;0;1343
5515;0;1344
5592;0;1345
5525;0;1346
5462;0;1347
5505;0;1348
5473;0;1349
5539;0;1350
5566;0;1351
5632;0;1352
5601;0;1353
5682;0;1354
5728;0;1355
5746;0;1356
5815;0;1357
5783;0;1358
5781;0;1359
5849;0;1360
5766;0;1361
5764;0;1362
5730;0;1363
5689;0;1364
5658;0;1365
5565;0;1366
5506;0;1367
5471;0;1368
5469;0;1369
5430;0;1370
5449;0;1371
5464;0;1372
5373;0;1373
5342;0;1374
5336;0;1375
5360;0;1376
5315;0;1377
5337;0;1378
5452;0;1379
5398;0;1380
5422;0;1381
5396;0;1382
5365;0;1383
5360;0;1384
5387;0;1385
5400;0;1386
5364;0;1387
5378;0;1388
5399;0;1389
5420;0;1390
5413;0;1391
5413;0;1392
5410;0;1393
5418;0;1394
5367;0;1395
5343;0;1396
5324;0;1397
5392;0;1398
5349;0;1399
5368;0;1400
5414;0;1401
5398;0;1402
5490;0;1403
5470;0;1404
5479;0;1405
5462;0;1406
5501;0;1407
5540;0;1408
5525;0;1409
5483;0;1410
5426;0;1411
5423;0;1412
5462;0;1413
5409;0;1414
5451;0;1415
5433;0;1416
5392;0;1417
5458;0;1418
5436;0;1419
5424;0;1420
5508;0;1421
5465;0;1422
5403;0;1423
5366;0;1424
5367;0;1425
5338;0;1426
5317;0;1427
5286;0;1428
5280;0;1429
5319;0;1430
5334;0;1431
5355;0;1432
5337;0;1433
5359;0;1434
5361;0;1435
5327;0;1436
5259;0;1437
5233;0;1438
5249;0;1439
5274;0;1440
5257;0;1441
5284;0;1442
5361;0;1443
5381;0;1444
5414;0;1445
5419;0;1446
5464;0;1447
5531;0;1448
5626;0;1449
5615;0;1450
5589;0;1451
5637;0;1452
5689;0;1453
5653;0;1454
5639;0;1455
5596;0;1456
5643;0;1457
5603;0;1458
5495;0;1459
5399;0;1460
5378;0;1461
5289;0;1462
5302;0;1463
5284;0;1464
5235;0;1465
5242;0;1466
5227;0;1467
5201;0;1468
5185;0;1469
5193;0;1470
5229;0;1471
5208;0;1472
5208;0;1473
5359;0;1474
5442;0;1475
5448;0;1476
5523;0;1477
5580;0;1478
5588;0;1479
5615;0;1480
5609;0;1481
5605;0;1482
5544;0;1483
5568;0;1484
5554;0;1485
5640;0;1486
5587;0;1487
5617;0;1488
5574;0;1489
5556;0;1490
5464;0;1491
5493;0;1492
5485;0;1493
5469;0;1494
5498;0;1495
5556;0;1496
5569;0;1497
5589;0;1498
5624;0;1499
5636;0;1500
5639;0;1501
5587;0;1502
5554;0;1503
5524;0;1504
5483;0;1505
5464;0;1506
5517;0;1507
5507;0;1508
5506;0;1509
5504;0;1510
5426;0;1511
5350;0;1512
5334;0;1513
5312;0;1514
5303;0;1515
5309;0;1516
5252;0;1517
5275;0;1518
5223;0;1519
5260;0;1520
5332;0;1521
5294;0;1522
5228;0;1523
5217;0;1524
5247;0;1525
5265;0;1526
5274;0;1527
5270;0;1528
5265;0;1529
5182;0;1530
5116;0;1531
5154;0;1532
5183;0;1533
5229;0;1534
5312;0;1535
5333;0;1536
5326;0;1537
5265;0;1538
5290;0;1539
5304;0;1540
5288;0;1541
5282;0;1542
5323;0;1543
5331;0;1544
5381;0;1545
5382;0;1546
5376;0;1547
5310;0;1548
5333;0;1549
5277;0;1550
5258;0;1551
5273;0;1552
5296;0;1553
5315;0;1554
5344;0;1555
5324;0;1556
5382;0;1557
5428;0;1558
5456;0;1559
5489;0;1560
5446;0;1561
5527;0;1562
5543;0;1563
5556;0;1564
5648;0;1565
5692;0;1566
5638;0;1567
5635;0;1568
5703;0;1569
5739;0;1570
5720;0;1571
5734;0;1572
5781;0;1573
5862;0;1574
5808;0;1575
5807;0;1576
5873;0;1577
5862;0;1578
5837;0;1579
5914;0;1580
5938;0;1581
5925;0;1582
5950;0;1583
5859;0;1584
5845;0;1585
5791;0;1586
5832;0;1587
5842;0;1588
5801;0;1589
5712;0;1590
5738;0;1591
5635;0;1592
5538;0;1593
5440;0;1594
5430;0;1595
5393;0;1596
5299;0;1597
5269;0;1598
5213;0;1599
5232;0;1600
5223;0;1601
5249;0;1602
5195;0;1603
5110;0;1604
5134;0;1605
5151;0;1606
5068;0;1607
5132;0;1608
5132;0;1609
5083;0;1610
5031;0;1611
4979;0;1612
5049;0;1613
5002;0;1614
5042;0;1615
5036;0;1616
5064;0;1617
5085;0;1618
5159;0;1619
5161;0;1620
5129;0;1621
5114;0;1622
5133;0;1623
5219;0;1624
5351;0;1625
5345;0;1626
5387;0;1627
5383;0;1628
5401;0;1629
5474;0;1630
5421;0;1631
5504;0;1632
5498;0;1633
5497;0;1634
5485;0;1635
5502;0;1636
5523;0;1637
5476;0;1638
5509;0;1639
5514;0;1640
5437;0;1641
5418;0;1642
5389;0;1643
5396;0;1644
5340;0;1645
5387;0;1646
5447;0;1647
5397;0;1648
5380;0;1649
5400;0;1650
5370;0;1651
5354;0;1652
5284;0;1653
5351;0;1654
5396;0;1655
5348;0;1656
5344;0;1657
5360;0;1658
5378;0;1659
5394;0;1660
5389;0;1661
5299;0;1662
5271;0;1663
5281;0;1664
5305;0;1665
5223;0;1666
5252;0;1667
5259;0;1668
5339;0;1669
5287;0;1670
5272;0;1671
5345;0;1672
5364;0;1673
5352;0;1674
5353;0;1675
5314;0;1676
5292;0;1677
5442;0;1678
5467;0;1679
5459;0;1680
5460;0;1681
5525;0;1682
5491;0;1683
5531;0;1684
5569;0;1685
5659;0;1686
5683;0;1687
5592;0;1688
5572;0;1689
5627;0;1690
5682;0;1691
5738;0;1692
5727;0;1693
5669;0;1694
5576;0;1695
5654;0;1696
5623;0;1697
5599;0;1698
5604;0;1699
5558;0;1700
5541;0;1701
5549;0;1702
5546;0;1703
5562;0;1704
5586;0;1705
5554;0;1706
5498;0;1707
5579;0;1708
5600;0;1709
5582;0;1710
5657;0;1711
5565;0;1712
5545;0;1713
5486;0;1714
5496;0;1715
5429;0;1716
5431;0;1717
5366;0;1718
5351;0;1719
5315;0;1720
5346;0;1721
5336;0;1722
5336;0;1723
5300;0;1724
5273;0;1725
5306;0;1726
5280;0;1727
5264;0;1728
5263;0;1729
5234;0;1730
5263;0;1731
5268;0;1732
5200;0;1733
5216;0;1734
5265;0;1735
5286;0;1736
5275;0;1737
5297;0;1738
5287;0;1739
5324;0;1740
5349;0;1741
5319;0;1742
5357;0;1743
5351;0;1744
5351;0;1745
5426;0;1746
5405;0;1747
5444;0;1748
5476;0;1749
5508;0;1750
5474;0;1751
5507;0;1752
5478;0;1753
5484;0;1754
5495;0;1755
5461;0;1756
5518;0;1757
5598;0;1758
5586;0;1759
5640;0;1760
5714;0;1761
5708;0;1762
5735;0;1763
5697;0;1764
5735;0;1765
5729;0;1766
5803;0;1767
5722;0;1768
5660;0;1769
5596;0;1770
5649;0;1771
5682;0;1772
5620;0;1773
5535;0;1774
5497;0;1775
5438;0;1776
5394;0;1777
5303;0;1778
5296;0;1779
5290;0;1780
5206;0;1781
5174;0;1782
5142;0;1783
5129;0;1784
5196;0;1785
5213;0;1786
5228;0;1787
5218;0;1788
5260;0;1789
5301;0;1790
5313;0;1791
5374;0;1792
5381;0;1793
5426;0;1794
5419;0;1795
5418;0;1796
5455;0;1797
5443;0;1798
5496;0;1799
5585;0;1800
5588;0;1801
5607;0;1802
5521;0;1803
5515;0;1804
5512;0;1805
5485;0;1806
5472;0;1807
5379;0;1808
5389;0;1809
5252;0;1810
5241;0;1811
5285;0;1812
5292;0;1813
5262;0;1814
5254;0;1815
5209;0;1816
5243;0;1817
5217;0;1818
5174;0;1819
5204;0;1820
5148;0;1821
5190;0;1822
5186;0;1823
5262;0;1824
5203;0;1825
5311;0;1826
5368;0;1827
5370;0;1828
5369;0;1829
5447;0;1830
5523;0;1831
5548;0;1832
5539;0;1833
5529;0;1834
5579;0;1835
5626;0;1836
5658;0;1837
5651;0;1838
5677;0;1839
5621;0;1840
5741;0;1841
5690;0;1842
5684;0;1843
5643;0;1844
5693;0;1845
5656;0;1846
5679;0;1847
5647;0;1848
5679;0;1849
5697;0;1850
5669;0;1851
5592;0;1852
5535;0;1853
5574;0;1854
5574;0;1855
5577;0;1856
5525;0;1857
5544;0;1858
5455;0;1859
5519;0;1860
5436;0;1861
5426;0;1862
5456;0;1863
5425;0;1864
5349;0;1865
5279;0;1866
5316;0;1867
5452;0;1868
5503;0;1869
5453;0;1870
5486;0;1871
5477;0;1872
5441;0;1873
5484;0;1874
5448;0;1875
5412;0;1876
5443;0;1877
5397;0;1878
5392;0;1879
5443;0;1880
5482;0;1881
5455;0;1882
5417;0;1883
5332;0;1884
5248;0;1885
5155;0;1886
5188;0;1887
5182;0;1888
5185;0;1889
5137;0;1890
5150;0;1891
5145;0;1892
5089;0;1893
5163;0;1894
5158;0;1895
5127;0;1896
5169;0;1897
5210;0;1898
5268;0;1899
5317;0;1900
5330;0;1901
5332;0;1902
5314;0;1903
5293;0;1904
5401;0;1905
5454;0;1906
5485;0;1907
5512;0;1908
5648;0;1909
5634;0;1910
5628;0;1911
5583;0;1912
5662;0;1913
5697;0;1914
5664;0;1915
5669;0;1916
5727;0;1917
5795;0;1918
5837;0;1919
5840;0;1920
5818;0;1921
5880;0;1922
5877;0;1923
5972;0;1924
5915;0;1925
5899;0;1926
5955;0;1927
5963;0;1928
5923;0;1929
5867;0;1930
5854;0;1931
5782;0;1932
5810;0;1933
5790;0;1934
5684;0;1935
5711;0;1936
5689;0;1937
5620;0;1938
5591;0;1939
5440;0;1940
5425;0;1941
5425;0;1942
5396;0;1943
5382;0;1944
5325;0;1945
5371;0;1946
5405;0;1947
5411;0;1948
5352;0;1949
5293;0;1950
5347;0;1951
5351;0;1952
5377;0;1953
5421;0;1954
5417;0;1955
5532;0;1956
5570;0;1957
5583;0;1958
5597;0;1959
5685;0;1960
5711;0;1961
5650;0;1962
5512;0;1963
5609;0;1964
5677;0;1965
5703;0;1966
5729;0;1967
5772;0;1968
5781;0;1969
5671;0;1970
5615;0;1971
5573;0;1972
5581;0;1973
5620;0;1974
5607;0;1975
5477;0;1976
5422;0;1977
5521;0;1978
5516;0;1979
5468;0;1980
5398;0;1981
5358;0;1982
5351;0;1983
5403;0;1984
5366;0;1985
5343;0;1986
5352;0;1987
5364;0;1988
5276;0;1989
5296;0;1990
5295;0;1991
5346;0;1992
5374;0;1993
5318;0;1994
5314;0;1995
5395;0;1996
5344;0;1997
5377;0;1998
5381;0;1999
