prey;predator;iteration
388;91;0
384;91;1
380;91;2
374;91;3
371;91;4
377;91;5
404;91;6
445;91;7
507;91;8
562;91;9
591;93;10
637;94;11
686;95;12
714;93;13
734;96;14
774;95;15
792;102;16
837;80;17
874;72;18
886;69;19
921;65;20
941;63;21
943;67;22
1019;60;23
1093;56;24
1167;44;25
1234;40;26
1311;38;27
1364;37;28
1458;36;29
1505;36;30
1590;36;31
1697;39;32
1736;39;33
1800;36;34
1917;38;35
2028;38;36
2147;37;37
2211;37;38
2313;39;39
2420;40;40
2539;38;41
2653;32;42
2743;30;43
2863;33;44
3022;40;45
3151;44;46
3297;41;47
3354;43;48
3463;50;49
3592;51;50
3643;54;51
3739;57;52
3806;58;53
3962;58;54
4066;62;55
4207;63;56
4252;67;57
4331;84;58
4449;95;59
4510;101;60
4563;101;61
4623;103;62
4618;118;63
4712;121;64
4792;119;65
4804;128;66
4828;133;67
4806;147;68
4873;150;69
4839;156;70
4832;161;71
4869;183;72
4831;203;73
4835;207;74
4800;214;75
4768;224;76
4815;229;77
4710;237;78
4689;260;79
4686;280;80
4692;286;81
4607;296;82
4565;312;83
4458;326;84
4357;346;85
4350;362;86
4356;371;87
4322;382;88
4328;405;89
4301;422;90
4275;444;91
4187;473;92
4070;485;93
4062;490;94
3993;494;95
3910;498;96
3828;519;97
3734;536;98
3703;524;99
3625;529;100
3508;558;101
3389;574;102
3311;601;103
3241;606;104
3147;619;105
3068;615;106
2988;637;107
2984;621;108
2971;631;109
2860;627;110
2741;652;111
2664;654;112
2580;650;113
2502;658;114
2457;674;115
2421;687;116
2380;724;117
2294;734;118
2260;740;119
2166;740;120
2114;762;121
2013;766;122
1985;777;123
1893;772;124
1787;783;125
1733;831;126
1687;874;127
1631;896;128
1543;876;129
1495;881;130
1374;892;131
1288;887;132
1248;867;133
1208;876;134
1155;844;135
1085;856;136
1032;873;137
1004;873;138
925;874;139
861;903;140
839;917;141
823;909;142
787;882;143
750;857;144
710;833;145
660;822;146
633;836;147
614;836;148
564;834;149
516;835;150
484;837;151
494;808;152
472;800;153
468;789;154
441;764;155
430;742;156
394;717;157
368;682;158
341;650;159
317;639;160
310;613;161
290;591;162
291;554;163
282;530;164
268;495;165
274;454;166
267;409;167
239;375;168
233;352;169
224;322;170
218;298;171
212;265;172
208;241;173
188;227;174
173;213;175
158;202;176
150;183;177
143;168;178
159;155;179
141;158;180
135;145;181
122;147;182
125;146;183
126;143;184
127;139;185
119;127;186
109;125;187
100;132;188
90;134;189
88;131;190
86;127;191
86;117;192
86;116;193
83;109;194
71;109;195
72;107;196
75;104;197
82;100;198
69;98;199
60;85;200
61;74;201
64;71;202
65;67;203
68;63;204
75;56;205
79;50;206
78;41;207
78;38;208
79;30;209
89;27;210
91;20;211
92;20;212
95;16;213
95;14;214
96;9;215
99;8;216
102;8;217
102;7;218
120;7;219
134;6;220
139;5;221
139;2;222
138;1;223
138;1;224
155;1;225
175;0;226
171;0;227
184;0;228
198;0;229
207;0;230
232;0;231
231;0;232
226;0;233
240;0;234
254;0;235
260;0;236
266;0;237
279;0;238
309;0;239
319;0;240
346;0;241
351;0;242
356;0;243
372;0;244
395;0;245
426;0;246
437;0;247
442;0;248
452;0;249
481;0;250
498;0;251
509;0;252
533;0;253
548;0;254
563;0;255
585;0;256
581;0;257
636;0;258
684;0;259
699;0;260
732;0;261
743;0;262
798;0;263
822;0;264
849;0;265
889;0;266
936;0;267
978;0;268
1015;0;269
1105;0;270
1157;0;271
1173;0;272
1221;0;273
1272;0;274
1334;0;275
1381;0;276
1459;0;277
1543;0;278
1596;0;279
1679;0;280
1741;0;281
1827;0;282
1926;0;283
1982;0;284
2015;0;285
2065;0;286
2155;0;287
2270;0;288
2361;0;289
2386;0;290
2430;0;291
2464;0;292
2521;0;293
2600;0;294
2699;0;295
2737;0;296
2820;0;297
2826;0;298
2891;0;299
2969;0;300
2983;0;301
3011;0;302
3034;0;303
3048;0;304
3109;0;305
3148;0;306
3266;0;307
3365;0;308
3405;0;309
3473;0;310
3543;0;311
3638;0;312
3711;0;313
3814;0;314
3923;0;315
3976;0;316
4038;0;317
4120;0;318
4206;0;319
4293;0;320
4361;0;321
4464;0;322
4518;0;323
4633;0;324
4727;0;325
4825;0;326
4894;0;327
5013;0;328
5046;0;329
5038;0;330
5122;0;331
5188;0;332
5267;0;333
5286;0;334
5267;0;335
5336;0;336
5396;0;337
5398;0;338
5459;0;339
5430;0;340
5469;0;341
5447;0;342
5490;0;343
5426;0;344
5399;0;345
5453;0;346
5462;0;347
5507;0;348
5447;0;349
5481;0;350
5525;0;351
5574;0;352
5600;0;353
5569;0;354
5599;0;355
5569;0;356
5543;0;357
5571;0;358
5609;0;359
5703;0;360
5703;0;361
5615;0;362
5537;0;363
5521;0;364
5565;0;365
5532;0;366
5550;0;367
5508;0;368
5498;0;369
5496;0;370
5474;0;371
5466;0;372
5480;0;373
5453;0;374
5400;0;375
5319;0;376
5265;0;377
5275;0;378
5216;0;379
5154;0;380
5159;0;381
5138;0;382
5044;0;383
4991;0;384
4948;0;385
4938;0;386
4932;0;387
4940;0;388
4921;0;389
4941;0;390
4934;0;391
4918;0;392
4954;0;393
4957;0;394
4965;0;395
5029;0;396
5061;0;397
5066;0;398
5198;0;399
5232;0;400
5255;0;401
5274;0;402
5284;0;403
5242;0;404
5194;0;405
5255;0;406
5401;0;407
5352;0;408
5361;0;409
5332;0;410
5371;0;411
5373;0;412
5353;0;413
5357;0;414
5298;0;415
5312;0;416
5339;0;417
5346;0;418
5318;0;419
5408;0;420
5444;0;421
5369;0;422
5301;0;423
5428;0;424
5453;0;425
5517;0;426
5502;0;427
5528;0;428
5564;0;429
5547;0;430
5568;0;431
5563;0;432
5605;0;433
5640;0;434
5617;0;435
5561;0;436
5585;0;437
5609;0;438
5651;0;439
5675;0;440
5659;0;441
5652;0;442
5685;0;443
5726;0;444
5708;0;445
5688;0;446
5678;0;447
5711;0;448
5737;0;449
5746;0;450
5778;0;451
5806;0;452
5791;0;453
5728;0;454
5692;0;455
5584;0;456
5652;0;457
5677;0;458
5719;0;459
5659;0;460
5649;0;461
5620;0;462
5629;0;463
5610;0;464
5595;0;465
5493;0;466
5432;0;467
5466;0;468
5464;0;469
5458;0;470
5410;0;471
5396;0;472
5287;0;473
5306;0;474
5335;0;475
5242;0;476
5263;0;477
5259;0;478
5283;0;479
5239;0;480
5232;0;481
5256;0;482
5291;0;483
5257;0;484
5262;0;485
5265;0;486
5256;0;487
5265;0;488
5281;0;489
5223;0;490
5111;0;491
5232;0;492
5251;0;493
5329;0;494
5244;0;495
5208;0;496
5214;0;497
5204;0;498
5269;0;499
5237;0;500
5152;0;501
5167;0;502
5207;0;503
5184;0;504
5215;0;505
5222;0;506
5252;0;507
5202;0;508
5177;0;509
5142;0;510
5191;0;511
5284;0;512
5266;0;513
5313;0;514
5374;0;515
5435;0;516
5484;0;517
5437;0;518
5445;0;519
5509;0;520
5545;0;521
5575;0;522
5688;0;523
5652;0;524
5666;0;525
5644;0;526
5549;0;527
5503;0;528
5478;0;529
5456;0;530
5533;0;531
5484;0;532
5428;0;533
5451;0;534
5430;0;535
5427;0;536
5378;0;537
5410;0;538
5381;0;539
5367;0;540
5394;0;541
5353;0;542
5358;0;543
5375;0;544
5452;0;545
5482;0;546
5473;0;547
5447;0;548
5487;0;549
5480;0;550
5557;0;551
5538;0;552
5507;0;553
5467;0;554
5475;0;555
5474;0;556
5390;0;557
5400;0;558
5494;0;559
5483;0;560
5415;0;561
5406;0;562
5416;0;563
5428;0;564
5425;0;565
5446;0;566
5366;0;567
5401;0;568
5434;0;569
5412;0;570
5372;0;571
5364;0;572
5477;0;573
5521;0;574
5478;0;575
5482;0;576
5472;0;577
5499;0;578
5471;0;579
5442;0;580
5488;0;581
5465;0;582
5418;0;583
5390;0;584
5348;0;585
5330;0;586
5352;0;587
5256;0;588
5258;0;589
5250;0;590
5229;0;591
5238;0;592
5219;0;593
5201;0;594
5224;0;595
5231;0;596
5180;0;597
5113;0;598
5161;0;599
5151;0;600
5214;0;601
5181;0;602
5264;0;603
5313;0;604
5315;0;605
5294;0;606
5320;0;607
5327;0;608
5381;0;609
5297;0;610
5252;0;611
5230;0;612
5316;0;613
5277;0;614
5263;0;615
5266;0;616
5204;0;617
5269;0;618
5253;0;619
5220;0;620
5178;0;621
5138;0;622
5175;0;623
5195;0;624
5153;0;625
5157;0;626
5223;0;627
5190;0;628
5107;0;629
5193;0;630
5200;0;631
5233;0;632
5215;0;633
5159;0;634
5089;0;635
5110;0;636
5097;0;637
5202;0;638
5160;0;639
5124;0;640
5189;0;641
5253;0;642
5257;0;643
5221;0;644
5263;0;645
5220;0;646
5177;0;647
5222;0;648
5266;0;649
5313;0;650
5377;0;651
5386;0;652
5358;0;653
5307;0;654
5298;0;655
5358;0;656
5324;0;657
5278;0;658
5257;0;659
5292;0;660
5253;0;661
5219;0;662
5219;0;663
5209;0;664
5197;0;665
5249;0;666
5235;0;667
5223;0;668
5262;0;669
5314;0;670
5356;0;671
5284;0;672
5287;0;673
5367;0;674
5323;0;675
5356;0;676
5280;0;677
5328;0;678
5346;0;679
5296;0;680
5309;0;681
5293;0;682
5350;0;683
5361;0;684
5413;0;685
5367;0;686
5312;0;687
5303;0;688
5330;0;689
5293;0;690
5322;0;691
5313;0;692
5288;0;693
5266;0;694
5291;0;695
5370;0;696
5385;0;697
5370;0;698
5345;0;699
5388;0;700
5321;0;701
5293;0;702
5276;0;703
5322;0;704
5350;0;705
5365;0;706
5448;0;707
5457;0;708
5487;0;709
5468;0;710
5420;0;711
5476;0;712
5511;0;713
5550;0;714
5583;0;715
5565;0;716
5610;0;717
5680;0;718
5642;0;719
5604;0;720
5560;0;721
5483;0;722
5384;0;723
5387;0;724
5439;0;725
5437;0;726
5410;0;727
5309;0;728
5322;0;729
5312;0;730
5296;0;731
5294;0;732
5243;0;733
5202;0;734
5193;0;735
5234;0;736
5250;0;737
5283;0;738
5295;0;739
5279;0;740
5189;0;741
5261;0;742
5244;0;743
5253;0;744
5190;0;745
5183;0;746
5149;0;747
5254;0;748
5261;0;749
5327;0;750
5310;0;751
5329;0;752
5361;0;753
5404;0;754
5418;0;755
5454;0;756
5399;0;757
5334;0;758
5271;0;759
5273;0;760
5287;0;761
5250;0;762
5333;0;763
5250;0;764
5254;0;765
5284;0;766
5287;0;767
5257;0;768
5242;0;769
5237;0;770
5284;0;771
5261;0;772
5234;0;773
5220;0;774
5284;0;775
5255;0;776
5279;0;777
5284;0;778
5264;0;779
5288;0;780
5261;0;781
5247;0;782
5214;0;783
5211;0;784
5236;0;785
5149;0;786
5136;0;787
5151;0;788
5218;0;789
5223;0;790
5200;0;791
5248;0;792
5328;0;793
5292;0;794
5236;0;795
5209;0;796
5150;0;797
5178;0;798
5232;0;799
5258;0;800
5333;0;801
5374;0;802
5416;0;803
5440;0;804
5362;0;805
5388;0;806
5490;0;807
5474;0;808
5451;0;809
5486;0;810
5524;0;811
5608;0;812
5649;0;813
5621;0;814
5606;0;815
5612;0;816
5566;0;817
5503;0;818
5452;0;819
5469;0;820
5451;0;821
5456;0;822
5426;0;823
5404;0;824
5448;0;825
5408;0;826
5425;0;827
5355;0;828
5354;0;829
5391;0;830
5470;0;831
5469;0;832
5422;0;833
5355;0;834
5374;0;835
5382;0;836
5400;0;837
5457;0;838
5389;0;839
5369;0;840
5352;0;841
5358;0;842
5324;0;843
5295;0;844
5339;0;845
5347;0;846
5291;0;847
5216;0;848
5204;0;849
5191;0;850
5180;0;851
5154;0;852
5153;0;853
5154;0;854
5194;0;855
5255;0;856
5234;0;857
5201;0;858
5196;0;859
5305;0;860
5299;0;861
5242;0;862
5238;0;863
5267;0;864
5218;0;865
5240;0;866
5317;0;867
5306;0;868
5290;0;869
5307;0;870
5335;0;871
5320;0;872
5262;0;873
5288;0;874
5346;0;875
5363;0;876
5351;0;877
5363;0;878
5366;0;879
5371;0;880
5461;0;881
5488;0;882
5425;0;883
5414;0;884
5415;0;885
5431;0;886
5427;0;887
5369;0;888
5373;0;889
5407;0;890
5410;0;891
5293;0;892
5265;0;893
5200;0;894
5201;0;895
5171;0;896
5089;0;897
5035;0;898
5031;0;899
4990;0;900
4946;0;901
5034;0;902
4984;0;903
4991;0;904
4991;0;905
4991;0;906
4994;0;907
5041;0;908
5017;0;909
5063;0;910
5081;0;911
5139;0;912
5097;0;913
5102;0;914
5113;0;915
5167;0;916
5207;0;917
5128;0;918
5144;0;919
5150;0;920
5154;0;921
5107;0;922
5138;0;923
5156;0;924
5196;0;925
5195;0;926
5249;0;927
5220;0;928
5230;0;929
5257;0;930
5276;0;931
5309;0;932
5327;0;933
5382;0;934
5465;0;935
5433;0;936
5440;0;937
5549;0;938
5537;0;939
5528;0;940
5597;0;941
5642;0;942
5662;0;943
5660;0;944
5761;0;945
5700;0;946
5686;0;947
5686;0;948
5692;0;949
5735;0;950
5699;0;951
5700;0;952
5669;0;953
5656;0;954
5647;0;955
5658;0;956
5647;0;957
5630;0;958
5593;0;959
5548;0;960
5525;0;961
5543;0;962
5544;0;963
5583;0;964
5574;0;965
5477;0;966
5482;0;967
5459;0;968
5444;0;969
5435;0;970
5484;0;971
5459;0;972
5419;0;973
5398;0;974
5352;0;975
5347;0;976
5370;0;977
5355;0;978
5359;0;979
5330;0;980
5269;0;981
5313;0;982
5326;0;983
5282;0;984
5241;0;985
5282;0;986
5325;0;987
5298;0;988
5349;0;989
5426;0;990
5395;0;991
5434;0;992
5410;0;993
5420;0;994
5495;0;995
5525;0;996
5599;0;997
5534;0;998
5549;0;999
5620;0;1000
5705;0;1001
5668;0;1002
5629;0;1003
5664;0;1004
5749;0;1005
5721;0;1006
5671;0;1007
5610;0;1008
5631;0;1009
5622;0;1010
5548;0;1011
5518;0;1012
5520;0;1013
5497;0;1014
5534;0;1015
5550;0;1016
5464;0;1017
5400;0;1018
5452;0;1019
5374;0;1020
5288;0;1021
5251;0;1022
5293;0;1023
5357;0;1024
5306;0;1025
5249;0;1026
5277;0;1027
5208;0;1028
5182;0;1029
5214;0;1030
5143;0;1031
5134;0;1032
5095;0;1033
5173;0;1034
5205;0;1035
5230;0;1036
5283;0;1037
5283;0;1038
5351;0;1039
5333;0;1040
5319;0;1041
5337;0;1042
5400;0;1043
5472;0;1044
5500;0;1045
5468;0;1046
5519;0;1047
5529;0;1048
5574;0;1049
5534;0;1050
5497;0;1051
5451;0;1052
5469;0;1053
5466;0;1054
5527;0;1055
5581;0;1056
5544;0;1057
5512;0;1058
5489;0;1059
5463;0;1060
5437;0;1061
5413;0;1062
5427;0;1063
5391;0;1064
5386;0;1065
5381;0;1066
5348;0;1067
5293;0;1068
5309;0;1069
5284;0;1070
5211;0;1071
5230;0;1072
5254;0;1073
5228;0;1074
5170;0;1075
5162;0;1076
5149;0;1077
5117;0;1078
5074;0;1079
5102;0;1080
5114;0;1081
5098;0;1082
5196;0;1083
5279;0;1084
5281;0;1085
5303;0;1086
5321;0;1087
5267;0;1088
5292;0;1089
5366;0;1090
5360;0;1091
5352;0;1092
5403;0;1093
5535;0;1094
5643;0;1095
5638;0;1096
5619;0;1097
5571;0;1098
5541;0;1099
5502;0;1100
5508;0;1101
5443;0;1102
5478;0;1103
5490;0;1104
5505;0;1105
5444;0;1106
5501;0;1107
5479;0;1108
5422;0;1109
5305;0;1110
5266;0;1111
5308;0;1112
5272;0;1113
5302;0;1114
5261;0;1115
5267;0;1116
5316;0;1117
5369;0;1118
5320;0;1119
5299;0;1120
5288;0;1121
5307;0;1122
5240;0;1123
5241;0;1124
5268;0;1125
5256;0;1126
5249;0;1127
5182;0;1128
5248;0;1129
5299;0;1130
5355;0;1131
5304;0;1132
5354;0;1133
5275;0;1134
5321;0;1135
5333;0;1136
5290;0;1137
5293;0;1138
5351;0;1139
5327;0;1140
5320;0;1141
5419;0;1142
5490;0;1143
5441;0;1144
5440;0;1145
5377;0;1146
5365;0;1147
5394;0;1148
5397;0;1149
5403;0;1150
5425;0;1151
5428;0;1152
5481;0;1153
5492;0;1154
5448;0;1155
5415;0;1156
5382;0;1157
5296;0;1158
5320;0;1159
5299;0;1160
5369;0;1161
5391;0;1162
5336;0;1163
5338;0;1164
5296;0;1165
5368;0;1166
5302;0;1167
5302;0;1168
5280;0;1169
5282;0;1170
5314;0;1171
5321;0;1172
5278;0;1173
5240;0;1174
5135;0;1175
5245;0;1176
5171;0;1177
5135;0;1178
5172;0;1179
5210;0;1180
5210;0;1181
5121;0;1182
5156;0;1183
5148;0;1184
5164;0;1185
5156;0;1186
5177;0;1187
5211;0;1188
5240;0;1189
5259;0;1190
5259;0;1191
5240;0;1192
5242;0;1193
5256;0;1194
5241;0;1195
5229;0;1196
5303;0;1197
5335;0;1198
5366;0;1199
5404;0;1200
5375;0;1201
5352;0;1202
5384;0;1203
5383;0;1204
5355;0;1205
5335;0;1206
5323;0;1207
5366;0;1208
5356;0;1209
5373;0;1210
5339;0;1211
5360;0;1212
5352;0;1213
5380;0;1214
5336;0;1215
5314;0;1216
5328;0;1217
5364;0;1218
5369;0;1219
5382;0;1220
5385;0;1221
5393;0;1222
5417;0;1223
5329;0;1224
5313;0;1225
5254;0;1226
5254;0;1227
5190;0;1228
5177;0;1229
5091;0;1230
5127;0;1231
5198;0;1232
5165;0;1233
5178;0;1234
5138;0;1235
5146;0;1236
5132;0;1237
5083;0;1238
5100;0;1239
5109;0;1240
5135;0;1241
5109;0;1242
5077;0;1243
5009;0;1244
4967;0;1245
5021;0;1246
5016;0;1247
5064;0;1248
5042;0;1249
5050;0;1250
5063;0;1251
5021;0;1252
5032;0;1253
5074;0;1254
5137;0;1255
5113;0;1256
5069;0;1257
5030;0;1258
5045;0;1259
5064;0;1260
5083;0;1261
5114;0;1262
5143;0;1263
5095;0;1264
5059;0;1265
5083;0;1266
5035;0;1267
4996;0;1268
5093;0;1269
5105;0;1270
5110;0;1271
5068;0;1272
5062;0;1273
5163;0;1274
5148;0;1275
5128;0;1276
5147;0;1277
5085;0;1278
5087;0;1279
5103;0;1280
5165;0;1281
5119;0;1282
5201;0;1283
5194;0;1284
5131;0;1285
5141;0;1286
5108;0;1287
5131;0;1288
5122;0;1289
5131;0;1290
5083;0;1291
5170;0;1292
5140;0;1293
5139;0;1294
5109;0;1295
5115;0;1296
5081;0;1297
5102;0;1298
5013;0;1299
5080;0;1300
5092;0;1301
5112;0;1302
5101;0;1303
5178;0;1304
5181;0;1305
5204;0;1306
5263;0;1307
5225;0;1308
5252;0;1309
5359;0;1310
5347;0;1311
5415;0;1312
5479;0;1313
5523;0;1314
5599;0;1315
5607;0;1316
5636;0;1317
5659;0;1318
5763;0;1319
5751;0;1320
5731;0;1321
5715;0;1322
5693;0;1323
5651;0;1324
5713;0;1325
5650;0;1326
5622;0;1327
5651;0;1328
5565;0;1329
5549;0;1330
5450;0;1331
5499;0;1332
5470;0;1333
5443;0;1334
5393;0;1335
5435;0;1336
5438;0;1337
5403;0;1338
5346;0;1339
5346;0;1340
5321;0;1341
5326;0;1342
5420;0;1343
5314;0;1344
5335;0;1345
5314;0;1346
5341;0;1347
5325;0;1348
5359;0;1349
5382;0;1350
5423;0;1351
5413;0;1352
5384;0;1353
5386;0;1354
5441;0;1355
5456;0;1356
5416;0;1357
5358;0;1358
5389;0;1359
5442;0;1360
5477;0;1361
5454;0;1362
5431;0;1363
5443;0;1364
5458;0;1365
5398;0;1366
5357;0;1367
5281;0;1368
5259;0;1369
5269;0;1370
5255;0;1371
5269;0;1372
5304;0;1373
5272;0;1374
5260;0;1375
5234;0;1376
5230;0;1377
5231;0;1378
5243;0;1379
5241;0;1380
5265;0;1381
5259;0;1382
5285;0;1383
5355;0;1384
5403;0;1385
5474;0;1386
5466;0;1387
5432;0;1388
5393;0;1389
5472;0;1390
5506;0;1391
5520;0;1392
5534;0;1393
5482;0;1394
5476;0;1395
5451;0;1396
5451;0;1397
5433;0;1398
5363;0;1399
5388;0;1400
5346;0;1401
5268;0;1402
5319;0;1403
5420;0;1404
5386;0;1405
5293;0;1406
5291;0;1407
5296;0;1408
5321;0;1409
5280;0;1410
5245;0;1411
5250;0;1412
5181;0;1413
5254;0;1414
5315;0;1415
5386;0;1416
5403;0;1417
5415;0;1418
5370;0;1419
5346;0;1420
5426;0;1421
5473;0;1422
5454;0;1423
5445;0;1424
5435;0;1425
5453;0;1426
5503;0;1427
5493;0;1428
5460;0;1429
5460;0;1430
5478;0;1431
5446;0;1432
5469;0;1433
5451;0;1434
5526;0;1435
5551;0;1436
5504;0;1437
5403;0;1438
5365;0;1439
5430;0;1440
5448;0;1441
5445;0;1442
5384;0;1443
5394;0;1444
5434;0;1445
5479;0;1446
5496;0;1447
5509;0;1448
5439;0;1449
5478;0;1450
5471;0;1451
5472;0;1452
5539;0;1453
5585;0;1454
5582;0;1455
5541;0;1456
5560;0;1457
5490;0;1458
5507;0;1459
5522;0;1460
5488;0;1461
5457;0;1462
5404;0;1463
5416;0;1464
5440;0;1465
5484;0;1466
5406;0;1467
5416;0;1468
5345;0;1469
5351;0;1470
5319;0;1471
5357;0;1472
5326;0;1473
5322;0;1474
5314;0;1475
5272;0;1476
5295;0;1477
5241;0;1478
5332;0;1479
5337;0;1480
5296;0;1481
5317;0;1482
5328;0;1483
5301;0;1484
5304;0;1485
5300;0;1486
5343;0;1487
5320;0;1488
5344;0;1489
5316;0;1490
5325;0;1491
5407;0;1492
5355;0;1493
5357;0;1494
5346;0;1495
5414;0;1496
5380;0;1497
5343;0;1498
5382;0;1499
5393;0;1500
5430;0;1501
5411;0;1502
5401;0;1503
5436;0;1504
5434;0;1505
5491;0;1506
5450;0;1507
5414;0;1508
5471;0;1509
5485;0;1510
5464;0;1511
5386;0;1512
5333;0;1513
5334;0;1514
5317;0;1515
5271;0;1516
5197;0;1517
5263;0;1518
5284;0;1519
5266;0;1520
5196;0;1521
5102;0;1522
5204;0;1523
5158;0;1524
5135;0;1525
5133;0;1526
5178;0;1527
5167;0;1528
5192;0;1529
5224;0;1530
5208;0;1531
5265;0;1532
5298;0;1533
5231;0;1534
5193;0;1535
5167;0;1536
5254;0;1537
5240;0;1538
5225;0;1539
5265;0;1540
5306;0;1541
5292;0;1542
5270;0;1543
5261;0;1544
5264;0;1545
5173;0;1546
5217;0;1547
5219;0;1548
5219;0;1549
5232;0;1550
5232;0;1551
5262;0;1552
5256;0;1553
5245;0;1554
5261;0;1555
5254;0;1556
5232;0;1557
5280;0;1558
5290;0;1559
5316;0;1560
5283;0;1561
5295;0;1562
5297;0;1563
5279;0;1564
5317;0;1565
5322;0;1566
5299;0;1567
5269;0;1568
5267;0;1569
5268;0;1570
5282;0;1571
5284;0;1572
5279;0;1573
5262;0;1574
5294;0;1575
5188;0;1576
5246;0;1577
5186;0;1578
5209;0;1579
5227;0;1580
5248;0;1581
5218;0;1582
5296;0;1583
5269;0;1584
5248;0;1585
5334;0;1586
5391;0;1587
5356;0;1588
5347;0;1589
5303;0;1590
5207;0;1591
5309;0;1592
5303;0;1593
5347;0;1594
5337;0;1595
5370;0;1596
5459;0;1597
5473;0;1598
5447;0;1599
5427;0;1600
5420;0;1601
5439;0;1602
5463;0;1603
5556;0;1604
5576;0;1605
5558;0;1606
5651;0;1607
5600;0;1608
5603;0;1609
5615;0;1610
5653;0;1611
5682;0;1612
5596;0;1613
5651;0;1614
5634;0;1615
5635;0;1616
5604;0;1617
5589;0;1618
5512;0;1619
5448;0;1620
5388;0;1621
5384;0;1622
5377;0;1623
5343;0;1624
5283;0;1625
5207;0;1626
5203;0;1627
5128;0;1628
5185;0;1629
5161;0;1630
5178;0;1631
5188;0;1632
5161;0;1633
5107;0;1634
5193;0;1635
5194;0;1636
5243;0;1637
5252;0;1638
5187;0;1639
5260;0;1640
5336;0;1641
5362;0;1642
5319;0;1643
5333;0;1644
5320;0;1645
5374;0;1646
5403;0;1647
5468;0;1648
5501;0;1649
5474;0;1650
5499;0;1651
5479;0;1652
5483;0;1653
5562;0;1654
5635;0;1655
5684;0;1656
5705;0;1657
5748;0;1658
5729;0;1659
5741;0;1660
5716;0;1661
5658;0;1662
5610;0;1663
5559;0;1664
5544;0;1665
5523;0;1666
5484;0;1667
5487;0;1668
5495;0;1669
5461;0;1670
5404;0;1671
5345;0;1672
5308;0;1673
5265;0;1674
5268;0;1675
5247;0;1676
5231;0;1677
5225;0;1678
5274;0;1679
5317;0;1680
5320;0;1681
5363;0;1682
5472;0;1683
5475;0;1684
5462;0;1685
5464;0;1686
5480;0;1687
5562;0;1688
5575;0;1689
5559;0;1690
5578;0;1691
5623;0;1692
5606;0;1693
5585;0;1694
5575;0;1695
5566;0;1696
5578;0;1697
5569;0;1698
5553;0;1699
5564;0;1700
5533;0;1701
5494;0;1702
5521;0;1703
5479;0;1704
5486;0;1705
5446;0;1706
5470;0;1707
5408;0;1708
5424;0;1709
5432;0;1710
5354;0;1711
5411;0;1712
5399;0;1713
5403;0;1714
5419;0;1715
5474;0;1716
5520;0;1717
5563;0;1718
5496;0;1719
5483;0;1720
5443;0;1721
5400;0;1722
5402;0;1723
5429;0;1724
5455;0;1725
5485;0;1726
5452;0;1727
5412;0;1728
5459;0;1729
5486;0;1730
5463;0;1731
5391;0;1732
5399;0;1733
5434;0;1734
5415;0;1735
5421;0;1736
5492;0;1737
5610;0;1738
5605;0;1739
5549;0;1740
5596;0;1741
5621;0;1742
5632;0;1743
5593;0;1744
5629;0;1745
5645;0;1746
5635;0;1747
5653;0;1748
5606;0;1749
5625;0;1750
5660;0;1751
5721;0;1752
5689;0;1753
5572;0;1754
5566;0;1755
5620;0;1756
5599;0;1757
5610;0;1758
5532;0;1759
5560;0;1760
5528;0;1761
5537;0;1762
5556;0;1763
5545;0;1764
5561;0;1765
5454;0;1766
5453;0;1767
5440;0;1768
5462;0;1769
5419;0;1770
5370;0;1771
5394;0;1772
5412;0;1773
5443;0;1774
5432;0;1775
5407;0;1776
5379;0;1777
5399;0;1778
5379;0;1779
5416;0;1780
5332;0;1781
5293;0;1782
5269;0;1783
5296;0;1784
5255;0;1785
5259;0;1786
5265;0;1787
5159;0;1788
5115;0;1789
5088;0;1790
5029;0;1791
4952;0;1792
5021;0;1793
4989;0;1794
4976;0;1795
4948;0;1796
4929;0;1797
4916;0;1798
4953;0;1799
4902;0;1800
4866;0;1801
4876;0;1802
4879;0;1803
4905;0;1804
4913;0;1805
4989;0;1806
5061;0;1807
5067;0;1808
5054;0;1809
5109;0;1810
5109;0;1811
5197;0;1812
5271;0;1813
5274;0;1814
5363;0;1815
5414;0;1816
5375;0;1817
5388;0;1818
5353;0;1819
5385;0;1820
5419;0;1821
5499;0;1822
5483;0;1823
5499;0;1824
5467;0;1825
5437;0;1826
5465;0;1827
5442;0;1828
5430;0;1829
5348;0;1830
5231;0;1831
5234;0;1832
5166;0;1833
5070;0;1834
5065;0;1835
5049;0;1836
4972;0;1837
4901;0;1838
4891;0;1839
4905;0;1840
4901;0;1841
4902;0;1842
4875;0;1843
4899;0;1844
4850;0;1845
4895;0;1846
4969;0;1847
5064;0;1848
5045;0;1849
5082;0;1850
5057;0;1851
5090;0;1852
5095;0;1853
5122;0;1854
5126;0;1855
5116;0;1856
5107;0;1857
5100;0;1858
5110;0;1859
5092;0;1860
5132;0;1861
5123;0;1862
5103;0;1863
5033;0;1864
5012;0;1865
5087;0;1866
5158;0;1867
5158;0;1868
5192;0;1869
5222;0;1870
5256;0;1871
5346;0;1872
5286;0;1873
5258;0;1874
5326;0;1875
5329;0;1876
5346;0;1877
5350;0;1878
5325;0;1879
5425;0;1880
5440;0;1881
5397;0;1882
5404;0;1883
5432;0;1884
5365;0;1885
5300;0;1886
5198;0;1887
5194;0;1888
5316;0;1889
5386;0;1890
5360;0;1891
5337;0;1892
5369;0;1893
5321;0;1894
5338;0;1895
5344;0;1896
5359;0;1897
5311;0;1898
5305;0;1899
5323;0;1900
5313;0;1901
5335;0;1902
5357;0;1903
5316;0;1904
5282;0;1905
5253;0;1906
5317;0;1907
5315;0;1908
5299;0;1909
5334;0;1910
5374;0;1911
5271;0;1912
5258;0;1913
5304;0;1914
5257;0;1915
5165;0;1916
5144;0;1917
5171;0;1918
5227;0;1919
5248;0;1920
5256;0;1921
5214;0;1922
5244;0;1923
5261;0;1924
5279;0;1925
5249;0;1926
5210;0;1927
5266;0;1928
5219;0;1929
5263;0;1930
5315;0;1931
5390;0;1932
5408;0;1933
5475;0;1934
5530;0;1935
5498;0;1936
5580;0;1937
5574;0;1938
5500;0;1939
5537;0;1940
5667;0;1941
5691;0;1942
5755;0;1943
5739;0;1944
5760;0;1945
5763;0;1946
5838;0;1947
5761;0;1948
5795;0;1949
5821;0;1950
5798;0;1951
5837;0;1952
5836;0;1953
5873;0;1954
5859;0;1955
5826;0;1956
5699;0;1957
5695;0;1958
5625;0;1959
5631;0;1960
5635;0;1961
5545;0;1962
5471;0;1963
5518;0;1964
5472;0;1965
5422;0;1966
5431;0;1967
5386;0;1968
5347;0;1969
5369;0;1970
5318;0;1971
5257;0;1972
5272;0;1973
5226;0;1974
5197;0;1975
5118;0;1976
5107;0;1977
5128;0;1978
5170;0;1979
5089;0;1980
5039;0;1981
5004;0;1982
4982;0;1983
4985;0;1984
4946;0;1985
4958;0;1986
5003;0;1987
4994;0;1988
5018;0;1989
5010;0;1990
5011;0;1991
5129;0;1992
5117;0;1993
5138;0;1994
5099;0;1995
5123;0;1996
5066;0;1997
5182;0;1998
5185;0;1999
