prey;predator;dzik;iteration
1130;201;202;0
1108;201;202;1
1071;199;202;2
1067;197;202;3
1070;196;202;4
1139;195;202;5
1240;193;202;6
1368;190;202;7
1486;195;202;8
1605;191;203;9
1694;191;209;10
1762;193;209;11
1811;192;214;12
1880;203;223;13
1989;204;232;14
2072;231;242;15
2130;245;251;16
2189;251;254;17
2326;270;255;18
2355;294;247;19
2452;310;264;20
2559;329;275;21
2680;339;282;22
2776;344;290;23
2919;344;289;24
3025;356;289;25
3131;352;293;26
3231;344;288;27
3339;369;296;28
3374;380;319;29
3464;391;331;30
3471;404;351;31
3439;430;375;32
3432;457;398;33
3406;479;423;34
3347;494;445;35
3338;520;462;36
3266;556;478;37
3228;600;494;38
3124;620;528;39
2982;643;546;40
2849;657;572;41
2757;675;582;42
2633;693;618;43
2541;723;653;44
2415;749;679;45
2256;754;704;46
2175;773;741;47
2034;781;768;48
1911;814;787;49
1800;804;806;50
1707;817;813;51
1631;829;836;52
1617;854;868;53
1553;865;880;54
1504;869;882;55
1462;867;890;56
1444;863;896;57
1404;854;895;58
1332;876;923;59
1324;871;929;60
1305;872;925;61
1312;907;910;62
1284;897;913;63
1319;906;949;64
1300;883;940;65
1283;878;964;66
1251;893;975;67
1263;852;982;68
1267;848;999;69
1262;848;1000;70
1265;834;987;71
1272;830;995;72
1298;836;979;73
1310;830;967;74
1293;807;949;75
1299;772;942;76
1346;737;942;77
1342;746;911;78
1333;774;896;79
1349;764;894;80
1362;735;882;81
1394;733;868;82
1379;714;859;83
1388;701;859;84
1394;727;830;85
1428;731;815;86
1421;738;806;87
1420;743;800;88
1425;729;792;89
1478;729;788;90
1503;725;743;91
1530;702;735;92
1566;693;731;93
1584;705;715;94
1613;711;695;95
1596;701;683;96
1617;686;676;97
1681;657;676;98
1714;646;656;99
1742;679;674;100
1742;675;674;101
1811;696;676;102
1878;713;678;103
1908;737;686;104
1912;741;700;105
1912;753;709;106
1941;720;715;107
1975;705;726;108
2052;727;760;109
2108;745;761;110
2156;750;767;111
2178;778;799;112
2236;788;834;113
2205;798;850;114
2149;809;865;115
2131;842;895;116
2135;860;891;117
2169;866;917;118
2207;866;928;119
2190;909;980;120
2178;923;1024;121
2207;916;1047;122
2176;951;1065;123
2153;975;1091;124
2070;981;1129;125
2032;1013;1175;126
2021;1038;1191;127
2003;1044;1227;128
1955;1068;1247;129
1928;1087;1272;130
1857;1083;1279;131
1795;1082;1314;132
1740;1089;1338;133
1674;1084;1357;134
1624;1090;1346;135
1569;1091;1344;136
1488;1065;1370;137
1414;1090;1412;138
1339;1067;1428;139
1258;1099;1423;140
1172;1083;1428;141
1118;1064;1404;142
1097;1044;1400;143
1059;1051;1430;144
1016;1034;1458;145
1023;1014;1439;146
988;984;1432;147
956;944;1423;148
949;953;1386;149
916;923;1358;150
927;882;1325;151
879;864;1271;152
858;828;1233;153
814;798;1215;154
809;779;1191;155
793;760;1150;156
777;714;1105;157
775;691;1067;158
798;666;1037;159
818;647;998;160
804;638;995;161
784;621;961;162
781;597;947;163
768;584;891;164
765;566;873;165
767;561;831;166
759;565;775;167
759;535;745;168
750;544;735;169
770;529;717;170
773;496;675;171
781;470;648;172
769;475;624;173
762;472;623;174
779;471;595;175
786;463;581;176
783;445;558;177
795;447;542;178
760;438;527;179
778;431;522;180
794;439;501;181
823;433;476;182
847;411;465;183
885;413;445;184
918;399;450;185
936;376;443;186
942;368;425;187
955;365;402;188
985;370;390;189
1009;382;372;190
1013;368;375;191
1055;356;359;192
1098;370;381;193
1112;376;396;194
1129;376;392;195
1140;386;383;196
1201;372;380;197
1197;386;392;198
1181;386;384;199
1230;389;393;200
1280;385;392;201
1339;382;385;202
1390;370;384;203
1422;372;394;204
1490;386;399;205
1501;402;385;206
1529;421;380;207
1614;418;398;208
1646;424;425;209
1701;428;417;210
1788;430;411;211
1806;436;404;212
1934;460;401;213
2019;461;406;214
2128;464;424;215
2223;455;428;216
2243;499;435;217
2339;499;450;218
2403;514;452;219
2470;547;457;220
2528;571;482;221
2514;572;472;222
2564;597;487;223
2651;628;496;224
2682;624;512;225
2715;645;523;226
2791;673;529;227
2779;669;545;228
2745;680;559;229
2645;702;597;230
2656;727;609;231
2593;725;628;232
2595;749;642;233
2513;761;679;234
2444;800;689;235
2417;815;705;236
2389;849;741;237
2315;873;771;238
2222;873;807;239
2127;880;816;240
2049;897;877;241
1953;934;897;242
1874;976;927;243
1810;980;951;244
1758;964;995;245
1704;965;1023;246
1721;970;1013;247
1630;967;1058;248
1591;958;1072;249
1558;965;1112;250
1475;975;1147;251
1461;1016;1185;252
1417;1009;1195;253
1416;987;1219;254
1383;986;1224;255
1416;998;1230;256
1387;968;1247;257
1348;944;1242;258
1344;941;1248;259
1335;923;1226;260
1293;887;1219;261
1227;858;1209;262
1227;852;1212;263
1222;846;1198;264
1194;834;1195;265
1201;839;1193;266
1187;838;1141;267
1147;833;1167;268
1149;781;1131;269
1154;757;1115;270
1148;734;1091;271
1149;728;1058;272
1124;732;1034;273
1112;732;1023;274
1109;732;1002;275
1076;714;1019;276
1037;701;1008;277
1051;668;973;278
1054;682;950;279
1023;655;943;280
1074;674;942;281
1057;670;924;282
1058;663;910;283
1041;648;878;284
1069;639;852;285
1066;637;834;286
1112;611;819;287
1099;607;834;288
1111;606;805;289
1109;615;789;290
1114;595;756;291
1099;589;742;292
1161;586;737;293
1211;561;737;294
1254;569;707;295
1283;565;681;296
1338;569;674;297
1344;561;652;298
1344;600;640;299
1345;608;620;300
1366;593;614;301
1443;622;641;302
1445;611;626;303
1482;596;616;304
1533;594;623;305
1579;582;611;306
1579;590;604;307
1588;598;608;308
1605;626;601;309
1584;630;633;310
1569;643;611;311
1552;629;624;312
1533;626;626;313
1547;625;664;314
1553;627;672;315
1522;629;677;316
1470;630;683;317
1450;627;682;318
1417;618;686;319
1408;616;713;320
1366;604;712;321
1369;603;716;322
1309;609;724;323
1288;606;727;324
1287;604;733;325
1233;583;732;326
1236;556;750;327
1186;546;743;328
1159;543;730;329
1174;536;768;330
1165;531;768;331
1170;540;768;332
1156;530;785;333
1156;522;817;334
1165;504;831;335
1247;500;855;336
1244;495;865;337
1260;494;863;338
1249;496;867;339
1253;499;868;340
1276;508;849;341
1300;485;859;342
1265;483;858;343
1310;482;872;344
1333;487;873;345
1374;492;858;346
1411;484;852;347
1439;477;866;348
1457;479;868;349
1479;486;886;350
1470;484;908;351
1492;477;881;352
1508;474;884;353
1538;481;871;354
1535;493;869;355
1525;482;855;356
1507;479;844;357
1565;475;824;358
1612;467;804;359
1649;502;778;360
1664;512;737;361
1628;533;690;362
1598;525;644;363
1577;540;610;364
1567;546;588;365
1573;548;571;366
1563;546;536;367
1573;541;505;368
1553;561;481;369
1550;573;452;370
1510;597;428;371
1480;620;393;372
1437;673;388;373
1426;685;352;374
1398;705;328;375
1360;724;303;376
1344;722;281;377
1362;752;277;378
1374;767;283;379
1343;787;264;380
1337;801;273;381
1382;829;272;382
1403;836;275;383
1402;857;274;384
1344;875;276;385
1382;922;268;386
1457;955;259;387
1472;979;258;388
1507;973;254;389
1561;973;266;390
1595;955;281;391
1542;962;287;392
1577;965;285;393
1603;962;286;394
1673;974;294;395
1709;958;303;396
1761;945;300;397
1800;921;332;398
1818;916;342;399
1812;893;343;400
1780;877;343;401
1775;883;348;402
1751;863;348;403
1738;862;352;404
1724;824;374;405
1735;799;384;406
1762;791;386;407
1737;770;412;408
1725;765;402;409
1680;760;400;410
1652;745;414;411
1651;715;415;412
1642;690;435;413
1644;677;440;414
1605;666;462;415
1605;659;470;416
1669;654;475;417
1631;653;475;418
1547;685;490;419
1528;666;497;420
1468;658;495;421
1460;651;517;422
1400;649;518;423
1384;650;534;424
1392;668;533;425
1387;673;531;426
1392;649;547;427
1423;638;566;428
1413;646;581;429
1349;658;570;430
1362;668;575;431
1374;658;574;432
1345;653;573;433
1340;654;584;434
1369;676;565;435
1355;676;575;436
1411;702;588;437
1436;702;583;438
1423;736;588;439
1440;747;591;440
1483;773;571;441
1455;784;595;442
1412;800;592;443
1432;813;607;444
1481;820;621;445
1490;836;609;446
1508;824;610;447
1497;862;615;448
1516;892;626;449
1514;920;626;450
1487;955;604;451
1459;947;607;452
1415;958;602;453
1387;986;629;454
1437;1017;617;455
1468;1023;627;456
1478;1019;625;457
1457;1036;624;458
1441;1085;616;459
1399;1073;604;460
1389;1080;587;461
1381;1093;597;462
1326;1124;595;463
1257;1131;589;464
1197;1137;593;465
1140;1130;587;466
1130;1131;575;467
1104;1111;602;468
1079;1120;615;469
1073;1066;609;470
1035;1062;632;471
1009;1052;613;472
976;1016;607;473
954;992;628;474
929;958;622;475
934;930;643;476
902;894;640;477
890;815;667;478
846;793;675;479
836;772;684;480
861;735;678;481
846;689;671;482
846;650;670;483
885;612;671;484
901;564;674;485
887;519;669;486
883;490;673;487
901;452;668;488
915;422;674;489
954;386;656;490
929;363;679;491
952;334;676;492
957;307;699;493
991;284;691;494
935;257;695;495
925;239;690;496
915;233;702;497
927;221;703;498
952;198;689;499
955;189;709;500
944;176;716;501
897;168;751;502
896;158;756;503
938;157;765;504
926;149;756;505
931;147;747;506
957;142;758;507
967;139;778;508
933;135;789;509
924;119;788;510
892;122;793;511
895;117;793;512
889;112;812;513
930;120;822;514
984;119;821;515
982;122;826;516
1015;116;855;517
1017;109;884;518
1020;109;898;519
1028;109;927;520
1018;108;939;521
1041;107;959;522
1076;104;982;523
1067;103;992;524
1073;99;1038;525
1072;100;1048;526
1092;97;1070;527
1099;94;1083;528
1155;94;1055;529
1134;98;1050;530
1111;93;1051;531
1111;93;1081;532
1091;92;1067;533
1074;92;1067;534
1095;89;1050;535
1081;97;1034;536
1100;94;1032;537
1189;89;1039;538
1170;86;1016;539
1177;96;1009;540
1160;96;1023;541
1166;110;997;542
1183;108;1005;543
1209;103;1011;544
1235;106;993;545
1274;106;939;546
1278;119;916;547
1315;122;910;548
1360;128;887;549
1374;126;855;550
1376;127;829;551
1445;127;821;552
1444;130;812;553
1413;130;802;554
1421;126;799;555
1455;124;808;556
1500;127;798;557
1506;128;797;558
1527;125;769;559
1540;128;749;560
1592;143;734;561
1609;141;734;562
1606;138;707;563
1589;150;699;564
1606;153;689;565
1664;157;690;566
1721;153;708;567
1678;141;735;568
1733;135;749;569
1785;131;733;570
1805;144;710;571
1831;136;694;572
1832;136;697;573
1852;134;710;574
1850;128;687;575
1826;131;691;576
1853;166;679;577
1867;174;653;578
1889;181;659;579
1849;180;663;580
1845;186;667;581
1843;200;668;582
1859;205;647;583
1803;204;630;584
1779;206;622;585
1769;198;610;586
1768;203;638;587
1736;203;644;588
1711;202;644;589
1695;209;630;590
1659;213;626;591
1684;206;639;592
1621;205;634;593
1601;206;636;594
1581;217;628;595
1540;224;650;596
1537;218;669;597
1533;213;664;598
1500;221;654;599
1571;228;654;600
1550;240;650;601
1558;251;652;602
1524;264;668;603
1556;266;664;604
1552;260;672;605
1558;264;672;606
1524;269;670;607
1532;260;672;608
1498;258;675;609
1513;262;697;610
1519;257;691;611
1530;251;726;612
1485;247;745;613
1453;253;750;614
1440;241;767;615
1456;242;761;616
1446;249;808;617
1416;246;816;618
1411;251;825;619
1377;258;854;620
1368;259;899;621
1427;274;920;622
1434;265;929;623
1433;268;926;624
1400;270;937;625
1417;267;955;626
1421;265;965;627
1447;251;983;628
1461;243;979;629
1439;234;988;630
1459;241;980;631
1475;253;1014;632
1492;244;1030;633
1476;236;1020;634
1460;230;1034;635
1453;239;1035;636
1452;239;1029;637
1473;230;1047;638
1460;215;1067;639
1478;213;1065;640
1474;203;1069;641
1472;193;1095;642
1420;182;1103;643
1433;175;1099;644
1481;169;1134;645
1483;154;1151;646
1494;153;1142;647
1495;154;1157;648
1460;151;1170;649
1456;139;1173;650
1400;131;1177;651
1360;129;1191;652
1377;128;1197;653
1435;121;1207;654
1422;111;1200;655
1413;113;1205;656
1428;113;1206;657
1416;110;1219;658
1421;100;1232;659
1396;100;1238;660
1372;94;1245;661
1448;88;1245;662
1477;87;1255;663
1513;83;1235;664
1517;92;1211;665
1581;94;1198;666
1596;91;1172;667
1625;95;1158;668
1686;88;1153;669
1699;85;1130;670
1747;82;1162;671
1769;90;1136;672
1740;88;1132;673
1716;83;1107;674
1692;73;1073;675
1716;71;1059;676
1696;75;1028;677
1782;75;994;678
1809;70;977;679
1867;66;948;680
1865;63;954;681
1845;62;932;682
1855;61;952;683
1822;54;956;684
1778;51;950;685
1757;50;937;686
1745;50;954;687
1772;50;972;688
1814;52;992;689
1900;55;1016;690
1880;46;1028;691
1871;53;1068;692
1931;52;1066;693
1935;51;1070;694
1879;45;1094;695
1874;46;1119;696
1859;43;1145;697
1846;46;1201;698
1809;49;1205;699
1811;53;1229;700
1848;57;1279;701
1869;57;1307;702
1825;55;1340;703
1802;54;1389;704
1767;55;1421;705
1737;60;1507;706
1676;57;1559;707
1617;60;1582;708
1599;60;1583;709
1559;59;1595;710
1548;56;1627;711
1521;81;1644;712
1491;90;1689;713
1455;88;1709;714
1494;89;1720;715
1478;102;1759;716
1475;101;1758;717
1482;95;1793;718
1491;90;1842;719
1469;83;1873;720
1436;83;1901;721
1398;87;1922;722
1409;83;1916;723
1383;78;1921;724
1405;73;1908;725
1391;71;1911;726
1408;68;1908;727
1370;63;1939;728
1361;78;1952;729
1297;89;1975;730
1286;87;2005;731
1250;84;2006;732
1203;79;1998;733
1163;80;1982;734
1135;70;1982;735
1100;77;2016;736
1069;71;1996;737
1037;66;1983;738
1012;72;1933;739
919;64;1951;740
875;66;1909;741
840;62;1891;742
838;57;1850;743
826;56;1818;744
816;55;1806;745
762;53;1777;746
733;52;1715;747
694;44;1647;748
679;39;1567;749
680;44;1504;750
652;49;1498;751
609;49;1477;752
548;46;1435;753
547;49;1421;754
531;46;1384;755
519;43;1328;756
520;37;1305;757
524;44;1259;758
512;40;1217;759
517;37;1199;760
504;35;1142;761
489;33;1095;762
477;36;1057;763
477;34;1004;764
497;32;966;765
514;29;947;766
512;27;903;767
544;30;876;768
551;29;842;769
549;32;812;770
591;32;772;771
608;32;717;772
621;30;689;773
636;28;635;774
655;33;620;775
661;49;586;776
675;49;560;777
696;47;533;778
720;45;529;779
746;45;497;780
778;44;469;781
791;42;459;782
840;48;448;783
866;49;429;784
900;49;421;785
908;47;418;786
931;49;396;787
971;48;393;788
994;54;385;789
1041;57;376;790
1081;53;370;791
1148;57;387;792
1191;58;389;793
1241;57;400;794
1275;52;422;795
1295;50;422;796
1371;48;424;797
1462;45;426;798
1511;53;422;799
1609;54;418;800
1680;52;438;801
1748;51;451;802
1841;48;467;803
1937;50;460;804
1999;48;491;805
2051;45;504;806
2169;49;516;807
2282;49;542;808
2425;45;565;809
2591;40;573;810
2653;36;616;811
2729;34;655;812
2830;32;656;813
2968;38;663;814
3019;37;681;815
3134;34;701;816
3295;31;715;817
3362;31;746;818
3404;31;763;819
3477;28;776;820
3422;25;775;821
3427;28;799;822
3445;27;878;823
3391;27;911;824
3319;26;932;825
3273;25;964;826
3151;28;1014;827
3070;23;1040;828
2948;21;1081;829
2851;18;1090;830
2706;22;1156;831
2539;21;1172;832
2425;22;1229;833
2257;20;1295;834
2128;16;1349;835
1979;15;1367;836
1882;15;1395;837
1793;15;1432;838
1676;15;1456;839
1599;13;1505;840
1533;11;1533;841
1422;10;1589;842
1344;9;1633;843
1282;8;1657;844
1220;11;1717;845
1197;8;1745;846
1139;8;1801;847
1101;8;1806;848
1031;7;1845;849
1005;5;1850;850
964;5;1862;851
940;4;1891;852
899;4;1866;853
899;3;1867;854
859;1;1882;855
829;1;1877;856
823;1;1843;857
804;1;1812;858
832;1;1823;859
854;1;1794;860
878;1;1710;861
880;0;1656;862
872;0;1625;863
868;0;1558;864
886;0;1524;865
882;0;1457;866
892;0;1436;867
875;0;1382;868
902;0;1320;869
907;0;1284;870
949;0;1204;871
938;0;1167;872
952;0;1111;873
945;0;1043;874
944;0;1014;875
951;0;993;876
943;0;956;877
944;0;915;878
953;0;902;879
982;0;880;880
965;0;881;881
957;0;879;882
963;0;881;883
968;0;887;884
966;0;879;885
964;0;879;886
958;0;884;887
970;0;890;888
959;0;886;889
988;0;894;890
1020;0;946;891
1016;0;966;892
1021;0;991;893
1009;0;1001;894
967;0;1006;895
941;0;1041;896
943;0;1045;897
956;0;1054;898
984;0;1082;899
969;0;1067;900
977;0;1086;901
948;0;1097;902
976;0;1131;903
987;0;1150;904
977;0;1171;905
969;0;1169;906
979;0;1200;907
959;0;1222;908
938;0;1228;909
920;0;1199;910
927;0;1198;911
934;0;1167;912
944;0;1185;913
954;0;1182;914
990;0;1186;915
992;0;1222;916
999;0;1230;917
1013;0;1210;918
1036;0;1230;919
1060;0;1218;920
1103;0;1201;921
1177;0;1154;922
1190;0;1125;923
1192;0;1084;924
1186;0;1082;925
1209;0;1055;926
1277;0;1055;927
1268;0;1044;928
1246;0;1063;929
1240;0;1066;930
1305;0;1068;931
1357;0;1012;932
1401;0;1007;933
1447;0;984;934
1433;0;962;935
1477;0;950;936
1496;0;939;937
1531;0;938;938
1553;0;950;939
1585;0;945;940
1631;0;952;941
1635;0;955;942
1678;0;933;943
1739;0;940;944
1759;0;931;945
1797;0;927;946
1826;0;922;947
1838;0;911;948
1842;0;925;949
1875;0;955;950
1908;0;980;951
1952;0;996;952
1917;0;1033;953
1912;0;1048;954
1908;0;1100;955
1903;0;1118;956
1920;0;1127;957
1909;0;1123;958
1935;0;1142;959
1924;0;1178;960
1913;0;1195;961
1909;0;1245;962
1868;0;1270;963
1856;0;1257;964
1852;0;1247;965
1801;0;1252;966
1754;0;1285;967
1725;0;1320;968
1710;0;1335;969
1633;0;1337;970
1597;0;1360;971
1589;0;1369;972
1606;0;1382;973
1593;0;1428;974
1539;0;1462;975
1506;0;1491;976
1449;0;1512;977
1407;0;1519;978
1347;0;1575;979
1312;0;1590;980
1295;0;1607;981
1236;0;1683;982
1188;0;1675;983
1161;0;1677;984
1122;0;1730;985
1073;0;1766;986
1008;0;1765;987
990;0;1824;988
922;0;1877;989
894;0;1864;990
873;0;1865;991
857;0;1870;992
838;0;1849;993
823;0;1833;994
812;0;1827;995
824;0;1823;996
832;0;1808;997
811;0;1781;998
823;0;1749;999
816;0;1722;1000
817;0;1638;1001
825;0;1619;1002
823;0;1551;1003
841;0;1526;1004
895;0;1479;1005
907;0;1429;1006
883;0;1388;1007
878;0;1349;1008
871;0;1277;1009
891;0;1226;1010
903;0;1161;1011
902;0;1132;1012
936;0;1068;1013
957;0;1022;1014
980;0;974;1015
995;0;897;1016
994;0;854;1017
1002;0;831;1018
1068;0;816;1019
1065;0;826;1020
1053;0;776;1021
1059;0;750;1022
1060;0;684;1023
1086;0;684;1024
1136;0;682;1025
1148;0;653;1026
1197;0;604;1027
1216;0;598;1028
1208;0;590;1029
1218;0;587;1030
1222;0;567;1031
1255;0;563;1032
1262;0;544;1033
1274;0;552;1034
1279;0;565;1035
1284;0;567;1036
1326;0;572;1037
1378;0;575;1038
1389;0;586;1039
1396;0;607;1040
1401;0;613;1041
1384;0;616;1042
1403;0;620;1043
1419;0;623;1044
1444;0;650;1045
1466;0;661;1046
1530;0;657;1047
1552;0;646;1048
1572;0;686;1049
1590;0;736;1050
1652;0;746;1051
1652;0;761;1052
1686;0;787;1053
1746;0;792;1054
1757;0;813;1055
1813;0;834;1056
1872;0;861;1057
1951;0;865;1058
2033;0;900;1059
2064;0;915;1060
2095;0;919;1061
2146;0;901;1062
2175;0;926;1063
2211;0;928;1064
2260;0;934;1065
2341;0;963;1066
2362;0;991;1067
2387;0;1010;1068
2377;0;1041;1069
2400;0;1068;1070
2451;0;1098;1071
2459;0;1099;1072
2489;0;1111;1073
2491;0;1151;1074
2480;0;1170;1075
2451;0;1202;1076
2421;0;1226;1077
2361;0;1250;1078
2361;0;1279;1079
2311;0;1309;1080
2263;0;1362;1081
2215;0;1375;1082
2186;0;1408;1083
2078;0;1427;1084
2005;0;1480;1085
1926;0;1523;1086
1837;0;1554;1087
1705;0;1569;1088
1699;0;1595;1089
1597;0;1610;1090
1556;0;1644;1091
1488;0;1699;1092
1448;0;1719;1093
1361;0;1715;1094
1298;0;1720;1095
1237;0;1766;1096
1167;0;1773;1097
1129;0;1751;1098
1084;0;1732;1099
1047;0;1693;1100
1029;0;1720;1101
984;0;1702;1102
955;0;1677;1103
915;0;1636;1104
899;0;1591;1105
885;0;1523;1106
865;0;1471;1107
875;0;1445;1108
851;0;1417;1109
836;0;1380;1110
802;0;1315;1111
788;0;1268;1112
759;0;1241;1113
782;0;1191;1114
806;0;1103;1115
813;0;1051;1116
809;0;1062;1117
810;0;1021;1118
771;0;973;1119
781;0;935;1120
810;0;923;1121
813;0;898;1122
818;0;862;1123
827;0;822;1124
852;0;814;1125
831;0;793;1126
868;0;769;1127
858;0;745;1128
872;0;724;1129
879;0;706;1130
907;0;704;1131
894;0;682;1132
930;0;689;1133
942;0;698;1134
987;0;686;1135
983;0;676;1136
989;0;686;1137
1005;0;684;1138
1046;0;679;1139
1041;0;671;1140
1054;0;673;1141
1125;0;678;1142
1139;0;681;1143
1145;0;729;1144
1158;0;735;1145
1185;0;755;1146
1228;0;778;1147
1231;0;792;1148
1248;0;805;1149
1259;0;809;1150
1295;0;837;1151
1306;0;849;1152
1243;0;905;1153
1270;0;943;1154
1286;0;977;1155
1297;0;1009;1156
1265;0;1032;1157
1282;0;1037;1158
1245;0;1040;1159
1231;0;1070;1160
1163;0;1112;1161
1133;0;1108;1162
1109;0;1098;1163
1139;0;1100;1164
1123;0;1140;1165
1088;0;1146;1166
1066;0;1154;1167
1092;0;1158;1168
1079;0;1179;1169
1078;0;1178;1170
1055;0;1188;1171
1068;0;1176;1172
1071;0;1183;1173
1082;0;1177;1174
1088;0;1194;1175
1062;0;1191;1176
1050;0;1202;1177
1087;0;1206;1178
1121;0;1204;1179
1087;0;1178;1180
1104;0;1172;1181
1147;0;1160;1182
1132;0;1149;1183
1133;0;1131;1184
1128;0;1106;1185
1167;0;1105;1186
1166;0;1133;1187
1145;0;1093;1188
1144;0;1084;1189
1166;0;1068;1190
1132;0;1055;1191
1161;0;1023;1192
1158;0;1014;1193
1203;0;1004;1194
1228;0;1008;1195
1257;0;1040;1196
1220;0;1067;1197
1238;0;1063;1198
1219;0;1064;1199
1219;0;1043;1200
1243;0;1054;1201
1227;0;1079;1202
1222;0;1075;1203
1234;0;1083;1204
1238;0;1043;1205
1245;0;1015;1206
1256;0;1009;1207
1259;0;998;1208
1247;0;996;1209
1232;0;1001;1210
1243;0;984;1211
1281;0;967;1212
1313;0;947;1213
1366;0;957;1214
1362;0;963;1215
1374;0;937;1216
1438;0;946;1217
1437;0;953;1218
1453;0;979;1219
1464;0;967;1220
1490;0;949;1221
1513;0;941;1222
1525;0;954;1223
1527;0;965;1224
1537;0;959;1225
1515;0;960;1226
1518;0;985;1227
1575;0;1018;1228
1564;0;1044;1229
1597;0;1060;1230
1602;0;1052;1231
1598;0;1094;1232
1602;0;1098;1233
1593;0;1134;1234
1595;0;1154;1235
1584;0;1207;1236
1633;0;1216;1237
1656;0;1241;1238
1688;0;1301;1239
1689;0;1335;1240
1678;0;1383;1241
1703;0;1383;1242
1740;0;1386;1243
1719;0;1431;1244
1794;0;1459;1245
1789;0;1468;1246
1807;0;1482;1247
1784;0;1509;1248
1764;0;1541;1249
1764;0;1568;1250
1763;0;1590;1251
1760;0;1637;1252
1745;0;1654;1253
1779;0;1725;1254
1794;0;1731;1255
1758;0;1769;1256
1686;0;1795;1257
1644;0;1847;1258
1634;0;1853;1259
1540;0;1890;1260
1485;0;1918;1261
1405;0;1960;1262
1391;0;1968;1263
1352;0;1988;1264
1330;0;1998;1265
1275;0;2023;1266
1208;0;2036;1267
1139;0;2059;1268
1046;0;2052;1269
978;0;2061;1270
919;0;2064;1271
890;0;2074;1272
818;0;2054;1273
754;0;2091;1274
704;0;2086;1275
667;0;2084;1276
618;0;2050;1277
579;0;2040;1278
542;0;2006;1279
537;0;1982;1280
495;0;1927;1281
467;0;1884;1282
437;0;1823;1283
381;0;1796;1284
346;0;1729;1285
331;0;1700;1286
322;0;1651;1287
295;0;1631;1288
302;0;1560;1289
304;0;1507;1290
286;0;1463;1291
276;0;1405;1292
278;0;1319;1293
267;0;1262;1294
284;0;1193;1295
295;0;1105;1296
298;0;1044;1297
290;0;966;1298
280;0;876;1299
280;0;820;1300
283;0;756;1301
276;0;697;1302
271;0;644;1303
262;0;590;1304
269;0;525;1305
260;0;457;1306
269;0;391;1307
283;0;349;1308
296;0;305;1309
291;0;249;1310
293;0;230;1311
311;0;209;1312
322;0;166;1313
331;0;153;1314
333;0;136;1315
336;0;132;1316
348;0;120;1317
361;0;110;1318
361;0;124;1319
384;0;126;1320
394;0;103;1321
427;0;97;1322
461;0;108;1323
465;0;109;1324
500;0;104;1325
509;0;113;1326
522;0;113;1327
585;0;118;1328
623;0;116;1329
677;0;109;1330
724;0;112;1331
745;0;108;1332
771;0;111;1333
823;0;112;1334
876;0;113;1335
895;0;113;1336
965;0;112;1337
1020;0;110;1338
1088;0;110;1339
1143;0;107;1340
1202;0;123;1341
1268;0;123;1342
1335;0;143;1343
1409;0;150;1344
1501;0;174;1345
1559;0;171;1346
1589;0;170;1347
1633;0;178;1348
1667;0;181;1349
1723;0;187;1350
1788;0;185;1351
1806;0;191;1352
1874;0;192;1353
1891;0;204;1354
1955;0;218;1355
1973;0;247;1356
2040;0;247;1357
2046;0;249;1358
2084;0;273;1359
2066;0;310;1360
2076;0;323;1361
2096;0;333;1362
2117;0;341;1363
2130;0;349;1364
2109;0;381;1365
2190;0;407;1366
2199;0;422;1367
2166;0;423;1368
2150;0;440;1369
2177;0;460;1370
2196;0;487;1371
2229;0;515;1372
2247;0;534;1373
2315;0;544;1374
2287;0;549;1375
2277;0;555;1376
2228;0;570;1377
2236;0;576;1378
2229;0;561;1379
2238;0;598;1380
2240;0;623;1381
2264;0;636;1382
2259;0;653;1383
2253;0;637;1384
2213;0;648;1385
2221;0;664;1386
2211;0;677;1387
2184;0;680;1388
2136;0;700;1389
2084;0;724;1390
2050;0;719;1391
2045;0;740;1392
2008;0;736;1393
2021;0;740;1394
2007;0;754;1395
1960;0;789;1396
1932;0;776;1397
1865;0;784;1398
1824;0;784;1399
1799;0;792;1400
1710;0;788;1401
1649;0;780;1402
1601;0;788;1403
1554;0;823;1404
1562;0;861;1405
1532;0;874;1406
1504;0;886;1407
1522;0;897;1408
1490;0;883;1409
1499;0;898;1410
1479;0;932;1411
1443;0;948;1412
1398;0;971;1413
1404;0;960;1414
1360;0;975;1415
1374;0;994;1416
1328;0;993;1417
1315;0;994;1418
1322;0;987;1419
1348;0;988;1420
1325;0;998;1421
1368;0;1009;1422
1392;0;1023;1423
1424;0;1015;1424
1402;0;1025;1425
1440;0;1016;1426
1464;0;1003;1427
1520;0;999;1428
1517;0;994;1429
1569;0;977;1430
1578;0;963;1431
1625;0;936;1432
1677;0;955;1433
1679;0;937;1434
1685;0;924;1435
1684;0;889;1436
1703;0;878;1437
1697;0;872;1438
1748;0;875;1439
1737;0;869;1440
1750;0;832;1441
1718;0;832;1442
1689;0;828;1443
1691;0;801;1444
1657;0;805;1445
1658;0;789;1446
1598;0;818;1447
1567;0;811;1448
1549;0;824;1449
1530;0;802;1450
1509;0;792;1451
1438;0;765;1452
1409;0;744;1453
1433;0;732;1454
1441;0;743;1455
1431;0;742;1456
1478;0;756;1457
1486;0;773;1458
1472;0;800;1459
1466;0;794;1460
1435;0;782;1461
1446;0;793;1462
1445;0;813;1463
1509;0;841;1464
1513;0;879;1465
1548;0;884;1466
1535;0;884;1467
1560;0;892;1468
1595;0;902;1469
1568;0;911;1470
1555;0;924;1471
1587;0;975;1472
1609;0;994;1473
1605;0;989;1474
1649;0;1015;1475
1646;0;1038;1476
1709;0;1065;1477
1714;0;1106;1478
1732;0;1119;1479
1747;0;1154;1480
1769;0;1209;1481
1758;0;1258;1482
1792;0;1294;1483
1784;0;1304;1484
1834;0;1363;1485
1826;0;1391;1486
1807;0;1410;1487
1809;0;1456;1488
1826;0;1500;1489
1827;0;1509;1490
1793;0;1511;1491
1770;0;1531;1492
1746;0;1572;1493
1757;0;1584;1494
1703;0;1578;1495
1682;0;1597;1496
1698;0;1634;1497
1694;0;1669;1498
1684;0;1647;1499
1640;0;1636;1500
1609;0;1665;1501
1535;0;1666;1502
1530;0;1726;1503
1464;0;1715;1504
1441;0;1738;1505
1414;0;1754;1506
1414;0;1716;1507
1388;0;1713;1508
1342;0;1706;1509
1323;0;1718;1510
1320;0;1733;1511
1297;0;1710;1512
1226;0;1675;1513
1241;0;1660;1514
1221;0;1666;1515
1221;0;1625;1516
1201;0;1585;1517
1151;0;1580;1518
1135;0;1550;1519
1103;0;1547;1520
1057;0;1527;1521
1071;0;1506;1522
1083;0;1508;1523
1062;0;1494;1524
1003;0;1460;1525
1015;0;1484;1526
1020;0;1527;1527
969;0;1532;1528
918;0;1523;1529
857;0;1522;1530
828;0;1476;1531
802;0;1484;1532
778;0;1477;1533
764;0;1520;1534
738;0;1540;1535
693;0;1532;1536
688;0;1550;1537
658;0;1569;1538
622;0;1581;1539
600;0;1573;1540
604;0;1582;1541
556;0;1588;1542
559;0;1589;1543
561;0;1589;1544
557;0;1588;1545
570;0;1551;1546
561;0;1501;1547
566;0;1456;1548
589;0;1413;1549
568;0;1370;1550
580;0;1327;1551
578;0;1289;1552
590;0;1213;1553
638;0;1140;1554
661;0;1088;1555
656;0;1012;1556
682;0;945;1557
703;0;886;1558
702;0;830;1559
694;0;763;1560
681;0;692;1561
676;0;636;1562
678;0;590;1563
699;0;544;1564
711;0;507;1565
732;0;477;1566
728;0;463;1567
734;0;430;1568
704;0;399;1569
695;0;373;1570
699;0;363;1571
718;0;362;1572
736;0;340;1573
746;0;336;1574
744;0;335;1575
743;0;333;1576
729;0;342;1577
728;0;359;1578
721;0;372;1579
733;0;367;1580
736;0;373;1581
767;0;385;1582
805;0;379;1583
830;0;383;1584
826;0;378;1585
824;0;399;1586
823;0;401;1587
838;0;417;1588
832;0;425;1589
837;0;456;1590
865;0;458;1591
916;0;462;1592
965;0;455;1593
1011;0;462;1594
1066;0;452;1595
1130;0;466;1596
1199;0;495;1597
1223;0;499;1598
1246;0;504;1599
1313;0;511;1600
1337;0;511;1601
1380;0;517;1602
1394;0;505;1603
1459;0;526;1604
1487;0;531;1605
1486;0;543;1606
1492;0;532;1607
1491;0;540;1608
1532;0;516;1609
1558;0;504;1610
1589;0;493;1611
1599;0;500;1612
1599;0;492;1613
1591;0;486;1614
1562;0;478;1615
1570;0;481;1616
1535;0;468;1617
1573;0;450;1618
1570;0;448;1619
1583;0;456;1620
1610;0;459;1621
1605;0;474;1622
1599;0;465;1623
1591;0;444;1624
1618;0;460;1625
1630;0;458;1626
1657;0;452;1627
1698;0;452;1628
1763;0;465;1629
1783;0;470;1630
1765;0;477;1631
1765;0;506;1632
1796;0;502;1633
1853;0;516;1634
1928;0;519;1635
1943;0;534;1636
1964;0;575;1637
1998;0;587;1638
2075;0;596;1639
2106;0;592;1640
2102;0;629;1641
2118;0;646;1642
2135;0;672;1643
2145;0;686;1644
2173;0;716;1645
2179;0;734;1646
2190;0;775;1647
2187;0;810;1648
2199;0;852;1649
2228;0;897;1650
2284;0;911;1651
2257;0;920;1652
2290;0;941;1653
2250;0;993;1654
2222;0;1076;1655
2152;0;1116;1656
2105;0;1171;1657
2099;0;1203;1658
2098;0;1216;1659
2072;0;1270;1660
2080;0;1296;1661
2043;0;1325;1662
1976;0;1374;1663
1892;0;1399;1664
1869;0;1462;1665
1818;0;1505;1666
1833;0;1528;1667
1710;0;1567;1668
1675;0;1597;1669
1656;0;1624;1670
1620;0;1634;1671
1593;0;1707;1672
1533;0;1715;1673
1497;0;1720;1674
1436;0;1707;1675
1462;0;1725;1676
1392;0;1729;1677
1318;0;1740;1678
1273;0;1752;1679
1219;0;1746;1680
1184;0;1746;1681
1149;0;1725;1682
1096;0;1706;1683
1087;0;1664;1684
1063;0;1636;1685
1005;0;1638;1686
970;0;1615;1687
979;0;1598;1688
986;0;1544;1689
951;0;1527;1690
954;0;1458;1691
919;0;1410;1692
895;0;1362;1693
877;0;1322;1694
875;0;1280;1695
850;0;1232;1696
846;0;1214;1697
851;0;1226;1698
860;0;1213;1699
856;0;1161;1700
845;0;1181;1701
824;0;1146;1702
827;0;1118;1703
808;0;1123;1704
847;0;1104;1705
866;0;1102;1706
852;0;1083;1707
857;0;1097;1708
867;0;1067;1709
868;0;1043;1710
875;0;1004;1711
878;0;997;1712
906;0;991;1713
906;0;970;1714
906;0;949;1715
886;0;942;1716
882;0;951;1717
898;0;934;1718
941;0;916;1719
959;0;920;1720
1003;0;928;1721
970;0;935;1722
976;0;920;1723
973;0;911;1724
1002;0;867;1725
1039;0;875;1726
1050;0;860;1727
1059;0;855;1728
1061;0;868;1729
1105;0;879;1730
1124;0;875;1731
1148;0;853;1732
1185;0;854;1733
1238;0;870;1734
1259;0;857;1735
1253;0;869;1736
1251;0;880;1737
1304;0;869;1738
1297;0;861;1739
1373;0;868;1740
1410;0;866;1741
1433;0;870;1742
1455;0;862;1743
1476;0;858;1744
1501;0;849;1745
1530;0;887;1746
1599;0;881;1747
1655;0;879;1748
1720;0;883;1749
1759;0;880;1750
1791;0;867;1751
1835;0;910;1752
1834;0;936;1753
1912;0;943;1754
1961;0;951;1755
2038;0;953;1756
2058;0;981;1757
2079;0;1034;1758
2124;0;1093;1759
2132;0;1101;1760
2122;0;1119;1761
2115;0;1107;1762
2115;0;1125;1763
2100;0;1158;1764
2084;0;1223;1765
1974;0;1248;1766
1932;0;1302;1767
1878;0;1338;1768
1828;0;1358;1769
1780;0;1416;1770
1712;0;1453;1771
1636;0;1489;1772
1593;0;1528;1773
1477;0;1564;1774
1420;0;1579;1775
1360;0;1606;1776
1279;0;1625;1777
1253;0;1677;1778
1223;0;1733;1779
1174;0;1776;1780
1180;0;1866;1781
1143;0;1915;1782
1070;0;1936;1783
1031;0;1965;1784
1002;0;1987;1785
1005;0;1973;1786
1016;0;1991;1787
984;0;2041;1788
959;0;2104;1789
958;0;2136;1790
921;0;2108;1791
911;0;2072;1792
865;0;2068;1793
866;0;2042;1794
883;0;2026;1795
874;0;2036;1796
853;0;2005;1797
834;0;1938;1798
837;0;1905;1799
856;0;1893;1800
837;0;1833;1801
808;0;1797;1802
776;0;1743;1803
790;0;1694;1804
772;0;1666;1805
771;0;1627;1806
749;0;1546;1807
749;0;1493;1808
758;0;1436;1809
732;0;1377;1810
746;0;1321;1811
737;0;1287;1812
734;0;1239;1813
725;0;1223;1814
710;0;1160;1815
701;0;1110;1816
694;0;1095;1817
707;0;1065;1818
715;0;1058;1819
758;0;1053;1820
763;0;1021;1821
771;0;991;1822
773;0;944;1823
750;0;900;1824
752;0;872;1825
745;0;844;1826
746;0;802;1827
760;0;780;1828
740;0;761;1829
737;0;752;1830
730;0;729;1831
739;0;699;1832
729;0;650;1833
735;0;652;1834
744;0;637;1835
743;0;598;1836
728;0;592;1837
726;0;580;1838
707;0;551;1839
698;0;529;1840
682;0;523;1841
716;0;537;1842
721;0;527;1843
719;0;518;1844
737;0;503;1845
780;0;506;1846
817;0;472;1847
828;0;471;1848
885;0;466;1849
896;0;462;1850
907;0;461;1851
918;0;448;1852
954;0;440;1853
1016;0;421;1854
1047;0;426;1855
1089;0;426;1856
1157;0;442;1857
1237;0;440;1858
1263;0;438;1859
1297;0;434;1860
1365;0;450;1861
1375;0;445;1862
1465;0;442;1863
1538;0;446;1864
1583;0;446;1865
1651;0;474;1866
1684;0;483;1867
1711;0;484;1868
1740;0;498;1869
1819;0;491;1870
1844;0;499;1871
1917;0;514;1872
1934;0;536;1873
1956;0;558;1874
1987;0;562;1875
2015;0;593;1876
2016;0;618;1877
1972;0;634;1878
1959;0;674;1879
1988;0;707;1880
1981;0;731;1881
2012;0;741;1882
2022;0;792;1883
2013;0;812;1884
2034;0;825;1885
1975;0;826;1886
1916;0;848;1887
1878;0;890;1888
1906;0;920;1889
1888;0;939;1890
1860;0;962;1891
1831;0;1003;1892
1873;0;1050;1893
1894;0;1052;1894
1883;0;1095;1895
1879;0;1133;1896
1861;0;1206;1897
1862;0;1199;1898
1836;0;1245;1899
1827;0;1258;1900
1800;0;1275;1901
1835;0;1286;1902
1891;0;1338;1903
1842;0;1386;1904
1829;0;1432;1905
1815;0;1483;1906
1796;0;1490;1907
1753;0;1514;1908
1772;0;1506;1909
1769;0;1508;1910
1789;0;1520;1911
1831;0;1520;1912
1808;0;1539;1913
1787;0;1558;1914
1810;0;1532;1915
1787;0;1510;1916
1777;0;1525;1917
1735;0;1493;1918
1730;0;1486;1919
1643;0;1473;1920
1618;0;1469;1921
1617;0;1475;1922
1620;0;1474;1923
1613;0;1442;1924
1595;0;1422;1925
1541;0;1462;1926
1507;0;1473;1927
1508;0;1487;1928
1475;0;1495;1929
1398;0;1500;1930
1353;0;1492;1931
1270;0;1452;1932
1217;0;1421;1933
1177;0;1428;1934
1148;0;1407;1935
1122;0;1398;1936
1094;0;1391;1937
1049;0;1384;1938
1008;0;1381;1939
988;0;1394;1940
976;0;1371;1941
975;0;1376;1942
924;0;1386;1943
933;0;1401;1944
936;0;1414;1945
908;0;1394;1946
882;0;1398;1947
854;0;1393;1948
858;0;1357;1949
835;0;1335;1950
844;0;1324;1951
866;0;1305;1952
887;0;1268;1953
871;0;1241;1954
862;0;1225;1955
892;0;1193;1956
921;0;1169;1957
957;0;1124;1958
978;0;1098;1959
999;0;1108;1960
995;0;1078;1961
1014;0;1049;1962
1044;0;1039;1963
1042;0;1017;1964
1068;0;1005;1965
1126;0;971;1966
1145;0;940;1967
1173;0;926;1968
1216;0;926;1969
1274;0;896;1970
1263;0;858;1971
1258;0;823;1972
1304;0;796;1973
1347;0;775;1974
1448;0;747;1975
1534;0;719;1976
1581;0;705;1977
1612;0;684;1978
1646;0;687;1979
1736;0;658;1980
1768;0;655;1981
1835;0;605;1982
1909;0;596;1983
1911;0;588;1984
1886;0;582;1985
1922;0;570;1986
1944;0;546;1987
1931;0;529;1988
1942;0;533;1989
1966;0;546;1990
2014;0;533;1991
2016;0;540;1992
1930;0;552;1993
1933;0;550;1994
1937;0;585;1995
1958;0;592;1996
1972;0;593;1997
1901;0;617;1998
1884;0;659;1999
