prey;predator;dzik;iteration
1145;189;196;0
1111;186;196;1
1081;186;196;2
1068;184;196;3
1059;181;196;4
1112;178;196;5
1229;174;196;6
1412;172;202;7
1554;176;202;8
1671;179;203;9
1770;193;203;10
1866;192;210;11
1944;191;208;12
2020;199;213;13
2110;199;224;14
2227;201;241;15
2307;213;253;16
2321;222;261;17
2389;227;276;18
2490;241;277;19
2619;265;292;20
2702;282;291;21
2810;292;307;22
2913;285;318;23
3076;278;328;24
3174;273;338;25
3210;275;339;26
3311;248;326;27
3354;259;351;28
3393;260;369;29
3386;281;374;30
3396;289;392;31
3396;322;409;32
3310;331;437;33
3263;364;455;34
3136;386;498;35
3080;406;519;36
3027;415;552;37
2943;406;580;38
2806;466;629;39
2756;482;666;40
2672;494;694;41
2561;509;757;42
2442;523;774;43
2330;547;823;44
2227;561;838;45
2135;589;859;46
2042;614;883;47
1938;623;924;48
1874;648;971;49
1777;667;986;50
1706;671;998;51
1679;706;1025;52
1643;723;1053;53
1603;719;1074;54
1547;757;1064;55
1536;766;1072;56
1502;814;1121;57
1439;815;1143;58
1348;832;1141;59
1310;847;1168;60
1274;863;1155;61
1241;877;1181;62
1263;874;1166;63
1277;877;1157;64
1275;877;1160;65
1247;849;1157;66
1246;851;1160;67
1242;836;1142;68
1252;844;1138;69
1244;830;1122;70
1270;826;1123;71
1275;808;1123;72
1244;797;1112;73
1234;788;1131;74
1229;813;1114;75
1161;771;1102;76
1106;746;1092;77
1103;739;1109;78
1063;723;1097;79
1072;703;1069;80
1078;681;1077;81
1058;662;1071;82
1028;636;1095;83
995;631;1093;84
991;607;1071;85
983;591;1066;86
925;589;1076;87
936;575;1056;88
928;572;1053;89
900;570;1031;90
919;574;1030;91
899;547;1037;92
894;546;1037;93
868;537;1031;94
846;536;1021;95
842;546;1013;96
820;536;1016;97
795;521;1037;98
801;513;1054;99
821;506;1030;100
803;490;1062;101
806;477;1043;102
815;461;1022;103
798;445;1022;104
773;433;1003;105
753;427;1011;106
750;408;999;107
767;391;975;108
792;366;970;109
813;357;946;110
792;361;918;111
795;368;901;112
809;346;880;113
825;339;853;114
857;339;834;115
903;350;801;116
937;345;754;117
951;331;717;118
959;322;689;119
970;328;676;120
1014;326;657;121
1041;312;635;122
1080;317;614;123
1126;327;571;124
1147;319;536;125
1158;314;507;126
1172;301;487;127
1170;308;448;128
1211;312;421;129
1246;327;415;130
1290;338;405;131
1317;336;387;132
1357;338;373;133
1402;345;362;134
1431;346;365;135
1416;350;351;136
1442;341;334;137
1442;339;347;138
1508;338;329;139
1512;333;317;140
1497;331;308;141
1546;344;299;142
1588;356;309;143
1591;346;303;144
1619;363;307;145
1649;383;304;146
1679;407;298;147
1710;410;296;148
1709;409;283;149
1734;438;298;150
1819;444;314;151
1882;471;325;152
1957;517;329;153
1986;541;324;154
2046;565;334;155
2089;583;341;156
2134;597;349;157
2213;605;364;158
2289;630;373;159
2351;664;384;160
2370;656;405;161
2434;635;401;162
2484;657;416;163
2545;692;433;164
2595;687;449;165
2634;717;442;166
2725;710;449;167
2785;737;450;168
2809;765;482;169
2840;770;520;170
2841;798;510;171
2828;816;538;172
2818;855;551;173
2828;882;553;174
2823;872;568;175
2781;880;574;176
2756;890;585;177
2718;879;589;178
2654;898;617;179
2543;882;630;180
2497;880;647;181
2357;872;680;182
2225;880;718;183
2142;867;785;184
2048;845;835;185
1928;865;852;186
1744;864;900;187
1658;866;903;188
1553;869;910;189
1500;854;946;190
1408;868;959;191
1270;882;966;192
1212;862;1029;193
1118;849;1058;194
1062;841;1085;195
1010;822;1107;196
952;797;1101;197
901;773;1150;198
845;754;1163;199
834;736;1186;200
830;738;1189;201
804;724;1219;202
805;722;1202;203
743;706;1210;204
732;655;1228;205
707;628;1243;206
701;611;1259;207
665;591;1245;208
682;574;1206;209
685;556;1199;210
685;521;1171;211
705;509;1126;212
700;479;1120;213
692;448;1084;214
680;420;1062;215
652;401;1047;216
633;370;990;217
648;360;954;218
637;335;926;219
634;305;901;220
648;289;859;221
684;281;828;222
703;269;811;223
728;258;799;224
719;252;742;225
706;247;711;226
705;233;696;227
758;221;675;228
771;214;645;229
789;211;624;230
811;208;606;231
830;202;568;232
844;208;545;233
889;211;501;234
942;203;462;235
998;189;474;236
1039;190;473;237
1070;198;462;238
1095;206;452;239
1178;195;435;240
1238;190;419;241
1315;199;413;242
1358;217;402;243
1444;210;400;244
1507;228;399;245
1563;237;409;246
1586;238;407;247
1688;246;406;248
1745;254;402;249
1792;266;426;250
1878;268;417;251
1956;263;422;252
2023;259;438;253
2128;268;439;254
2146;276;443;255
2204;284;448;256
2233;300;453;257
2284;315;456;258
2304;346;456;259
2303;358;488;260
2316;370;523;261
2330;371;540;262
2410;394;564;263
2434;416;563;264
2433;426;566;265
2407;428;581;266
2392;432;595;267
2406;473;611;268
2373;497;629;269
2342;508;642;270
2341;506;660;271
2316;510;677;272
2325;529;686;273
2245;531;710;274
2200;543;751;275
2183;564;798;276
2116;557;829;277
2058;576;857;278
2008;571;902;279
1964;599;924;280
1895;595;945;281
1783;603;986;282
1718;616;1039;283
1681;620;1058;284
1585;626;1101;285
1513;643;1174;286
1480;633;1205;287
1404;632;1229;288
1338;637;1229;289
1281;653;1272;290
1219;651;1289;291
1119;678;1309;292
1079;669;1312;293
1013;665;1301;294
978;651;1303;295
939;641;1291;296
916;633;1326;297
905;613;1318;298
857;600;1293;299
821;615;1304;300
817;595;1287;301
789;583;1289;302
789;561;1274;303
789;542;1240;304
799;524;1185;305
816;514;1134;306
813;500;1103;307
800;495;1092;308
779;468;1080;309
833;452;1062;310
850;429;1036;311
860;412;1012;312
868;393;978;313
886;384;962;314
901;358;921;315
898;352;860;316
907;347;867;317
918;324;878;318
914;297;859;319
916;284;838;320
913;285;813;321
917;285;808;322
894;274;787;323
868;271;770;324
840;268;744;325
837;272;706;326
836;260;674;327
815;256;615;328
810;250;583;329
783;258;548;330
773;251;542;331
780;246;526;332
788;248;510;333
780;247;513;334
791;250;489;335
772;258;465;336
772;257;454;337
750;246;435;338
765;249;438;339
771;238;442;340
756;234;433;341
780;244;439;342
792;242;424;343
811;228;408;344
844;230;405;345
846;243;415;346
889;246;423;347
928;254;410;348
924;250;404;349
917;243;390;350
955;245;403;351
972;255;409;352
1017;264;400;353
1075;277;401;354
1080;263;404;355
1130;272;399;356
1162;276;401;357
1201;269;376;358
1218;273;370;359
1257;272;368;360
1311;271;346;361
1321;288;340;362
1391;288;356;363
1438;296;342;364
1453;301;337;365
1496;324;340;366
1556;318;325;367
1613;324;318;368
1612;323;309;369
1653;331;310;370
1676;336;317;371
1705;335;304;372
1685;365;291;373
1730;378;274;374
1819;375;280;375
1859;396;270;376
1894;416;269;377
1927;422;271;378
1977;414;266;379
1993;432;261;380
2041;474;265;381
2055;479;264;382
2067;494;258;383
2072;507;255;384
2093;523;266;385
2195;533;291;386
2200;560;280;387
2215;599;277;388
2214;608;301;389
2216;620;296;390
2235;649;293;391
2276;660;310;392
2244;670;324;393
2219;674;355;394
2287;696;360;395
2232;714;350;396
2289;736;354;397
2297;759;361;398
2294;758;370;399
2301;740;390;400
2356;734;404;401
2338;731;399;402
2276;777;408;403
2232;793;406;404
2194;801;409;405
2146;800;419;406
2097;816;439;407
2072;835;436;408
2024;833;430;409
1919;855;447;410
1928;853;452;411
1862;841;503;412
1796;851;510;413
1747;860;501;414
1667;840;525;415
1570;844;548;416
1512;842;573;417
1433;862;590;418
1399;874;630;419
1370;885;638;420
1337;866;666;421
1289;851;663;422
1264;843;739;423
1235;865;754;424
1199;859;783;425
1148;853;812;426
1156;852;816;427
1092;863;843;428
1102;858;869;429
1109;824;902;430
1107;806;904;431
1087;789;914;432
1126;778;945;433
1112;757;924;434
1074;733;930;435
1062;732;964;436
1078;717;981;437
1066;676;968;438
1080;659;947;439
1053;659;925;440
1076;627;930;441
1073;613;903;442
1054;581;907;443
1054;547;915;444
1130;528;888;445
1111;504;889;446
1121;462;882;447
1098;451;859;448
1086;456;862;449
1070;427;834;450
1069;428;834;451
1094;447;799;452
1111;448;784;453
1117;443;771;454
1128;425;746;455
1120;421;725;456
1149;410;708;457
1142;409;693;458
1121;402;686;459
1144;398;681;460
1164;403;685;461
1187;417;682;462
1197;409;655;463
1229;426;638;464
1189;419;626;465
1228;422;623;466
1258;410;603;467
1280;395;589;468
1296;417;583;469
1356;430;568;470
1336;438;565;471
1345;464;563;472
1369;449;568;473
1380;448;569;474
1372;453;584;475
1363;456;590;476
1398;505;620;477
1396;519;615;478
1409;532;613;479
1422;557;617;480
1443;551;623;481
1476;563;625;482
1497;575;622;483
1501;577;615;484
1524;609;607;485
1532;606;596;486
1549;633;588;487
1614;628;591;488
1688;633;629;489
1705;664;645;490
1712;660;652;491
1746;662;656;492
1758;683;669;493
1815;696;671;494
1823;694;693;495
1891;678;701;496
1870;690;721;497
1835;683;722;498
1825;662;731;499
1853;648;736;500
1872;663;728;501
1858;665;738;502
1865;664;721;503
1868;628;710;504
1921;608;730;505
1927;586;736;506
1894;580;740;507
1868;580;737;508
1865;568;745;509
1822;577;763;510
1769;581;794;511
1816;579;816;512
1841;562;826;513
1817;580;830;514
1819;584;832;515
1791;573;838;516
1777;577;825;517
1781;585;835;518
1767;594;849;519
1727;597;860;520
1681;622;875;521
1626;635;870;522
1585;661;873;523
1595;658;889;524
1624;665;909;525
1619;691;910;526
1616;690;897;527
1560;704;902;528
1554;714;909;529
1578;732;940;530
1546;748;942;531
1511;781;959;532
1480;771;971;533
1420;783;979;534
1403;820;976;535
1395;856;995;536
1325;875;999;537
1251;902;1009;538
1230;918;999;539
1178;961;1006;540
1156;982;1000;541
1080;1005;1014;542
1041;1009;1003;543
1004;1011;991;544
975;1023;1007;545
930;1037;994;546
891;1041;983;547
862;1036;968;548
832;1036;956;549
816;1078;943;550
798;1079;916;551
759;1097;914;552
771;1086;907;553
802;1091;922;554
769;1078;909;555
754;1068;887;556
739;1046;889;557
736;1031;868;558
750;993;841;559
725;961;836;560
723;942;803;561
699;928;792;562
682;910;773;563
683;886;750;564
656;863;747;565
653;870;759;566
651;835;765;567
622;789;746;568
617;722;729;569
601;702;721;570
612;675;700;571
609;661;675;572
566;624;660;573
550;591;661;574
529;565;642;575
518;547;626;576
506;546;643;577
505;531;631;578
493;514;612;579
516;492;599;580
491;454;584;581
498;436;586;582
507;414;568;583
522;380;551;584
510;354;530;585
519;338;523;586
506;334;506;587
494;334;506;588
492;321;495;589
510;323;492;590
512;297;479;591
507;287;459;592
534;271;434;593
536;271;427;594
560;266;408;595
565;261;397;596
578;252;395;597
586;243;386;598
578;242;369;599
601;242;353;600
635;241;336;601
639;236;318;602
644;230;309;603
681;221;279;604
730;206;273;605
761;196;261;606
786;196;249;607
811;187;237;608
833;180;242;609
877;178;243;610
917;165;243;611
951;159;244;612
991;143;235;613
1051;131;242;614
1100;123;231;615
1127;123;232;616
1185;117;239;617
1248;111;251;618
1322;100;247;619
1360;95;248;620
1448;98;247;621
1509;92;250;622
1589;88;261;623
1641;88;250;624
1664;89;252;625
1751;89;247;626
1828;89;259;627
1867;83;265;628
1935;87;269;629
2025;83;271;630
2074;87;278;631
2151;85;283;632
2192;84;296;633
2276;78;325;634
2346;85;335;635
2331;85;343;636
2374;82;329;637
2421;77;341;638
2469;81;360;639
2510;83;365;640
2592;93;360;641
2608;94;386;642
2679;97;409;643
2724;96;427;644
2742;100;445;645
2732;117;444;646
2748;122;479;647
2781;130;497;648
2757;143;510;649
2741;142;503;650
2707;152;521;651
2707;151;541;652
2757;171;556;653
2713;173;586;654
2653;196;595;655
2502;205;612;656
2448;210;628;657
2393;236;636;658
2356;237;680;659
2258;248;676;660
2213;256;681;661
2133;270;669;662
2048;269;682;663
1935;312;695;664
1856;313;708;665
1839;340;710;666
1723;346;734;667
1625;355;782;668
1615;377;794;669
1552;398;790;670
1499;421;795;671
1477;435;791;672
1413;438;805;673
1365;452;821;674
1326;454;810;675
1257;463;826;676
1243;462;832;677
1165;479;814;678
1154;496;805;679
1123;488;818;680
1104;498;830;681
1076;491;823;682
1021;482;817;683
1024;480;838;684
1026;466;862;685
1002;466;844;686
992;458;847;687
954;453;845;688
933;459;842;689
923;445;840;690
961;416;842;691
945;402;849;692
968;384;832;693
1006;371;834;694
975;347;803;695
951;335;796;696
961;304;802;697
983;271;803;698
1047;256;801;699
1066;241;802;700
1102;231;808;701
1091;218;801;702
1103;226;772;703
1153;219;765;704
1178;197;795;705
1205;185;783;706
1276;182;780;707
1368;168;800;708
1391;159;811;709
1432;158;816;710
1428;147;813;711
1465;140;797;712
1493;135;762;713
1507;125;786;714
1570;122;782;715
1642;122;799;716
1753;119;814;717
1793;117;814;718
1858;115;806;719
1863;117;806;720
1923;127;819;721
1912;128;844;722
1951;130;858;723
1980;146;877;724
2055;149;907;725
2091;155;904;726
2108;152;902;727
2142;172;943;728
2155;179;961;729
2141;167;984;730
2137;170;995;731
2087;191;1017;732
2113;193;1029;733
2144;189;1062;734
2102;194;1085;735
2089;201;1089;736
2039;205;1102;737
2034;216;1121;738
1991;216;1117;739
1920;223;1136;740
1817;226;1122;741
1753;227;1120;742
1734;228;1127;743
1648;233;1121;744
1569;245;1159;745
1500;261;1164;746
1476;265;1179;747
1420;260;1165;748
1344;260;1179;749
1300;269;1170;750
1299;277;1185;751
1269;286;1149;752
1236;301;1158;753
1210;302;1132;754
1174;299;1125;755
1147;306;1112;756
1142;331;1105;757
1122;326;1108;758
1125;329;1103;759
1141;349;1084;760
1132;358;1054;761
1127;363;1049;762
1115;359;1018;763
1086;371;984;764
1073;378;968;765
1089;381;920;766
1078;389;913;767
1085;394;902;768
1077;410;904;769
1122;403;879;770
1120;403;857;771
1072;410;842;772
1095;406;864;773
1093;399;833;774
1106;398;820;775
1069;424;785;776
1105;448;777;777
1114;451;761;778
1128;446;780;779
1105;458;778;780
1122;452;760;781
1130;458;745;782
1126;462;757;783
1163;453;735;784
1151;440;718;785
1145;446;719;786
1161;437;719;787
1156;439;690;788
1155;428;685;789
1154;437;683;790
1201;435;707;791
1195;416;703;792
1166;402;702;793
1198;385;702;794
1202;395;688;795
1232;399;689;796
1240;380;693;797
1218;361;694;798
1212;350;716;799
1268;349;721;800
1286;339;729;801
1317;322;724;802
1335;314;724;803
1376;307;751;804
1404;295;743;805
1407;287;755;806
1422;295;733;807
1429;293;733;808
1476;278;752;809
1474;275;745;810
1531;291;737;811
1540;308;744;812
1601;322;734;813
1636;329;715;814
1650;331;696;815
1686;345;746;816
1748;346;730;817
1786;348;728;818
1837;359;703;819
1880;398;684;820
2003;405;669;821
2034;401;697;822
2135;395;698;823
2132;393;698;824
2128;412;685;825
2117;437;669;826
2130;433;648;827
2115;430;653;828
2106;444;662;829
2130;492;662;830
2142;500;654;831
2177;507;664;832
2156;529;673;833
2124;542;672;834
2058;567;648;835
1966;590;656;836
1918;641;681;837
1849;650;711;838
1794;648;703;839
1698;665;707;840
1608;695;701;841
1555;716;709;842
1527;736;702;843
1521;760;704;844
1440;800;703;845
1343;826;712;846
1315;865;721;847
1236;876;713;848
1191;890;732;849
1174;914;728;850
1148;929;724;851
1102;933;721;852
1060;930;712;853
993;904;737;854
963;913;722;855
923;944;708;856
903;946;685;857
904;952;693;858
906;924;696;859
888;913;684;860
869;920;685;861
881;898;666;862
895;894;671;863
858;847;666;864
826;819;649;865
870;793;632;866
863;776;623;867
888;753;622;868
895;712;609;869
875;689;587;870
921;660;574;871
919;658;590;872
909;650;575;873
934;626;568;874
942;587;549;875
963;569;551;876
972;549;535;877
1011;545;528;878
1046;539;522;879
1088;514;518;880
1080;496;525;881
1097;489;524;882
1147;477;526;883
1183;463;512;884
1220;450;510;885
1229;440;545;886
1281;425;537;887
1314;410;557;888
1371;409;557;889
1417;396;550;890
1457;380;552;891
1483;369;562;892
1504;368;564;893
1520;348;593;894
1601;336;604;895
1662;336;615;896
1697;340;636;897
1738;347;653;898
1792;356;661;899
1833;348;639;900
1841;330;651;901
1829;310;658;902
1859;309;680;903
1866;318;726;904
1884;322;771;905
1921;305;809;906
1999;316;820;907
2003;328;844;908
2060;322;860;909
2083;310;901;910
2080;293;914;911
2103;296;953;912
2156;297;949;913
2139;299;974;914
2201;311;1008;915
2225;314;1023;916
2221;339;1044;917
2197;338;1064;918
2161;345;1091;919
2178;368;1133;920
2199;364;1157;921
2139;370;1199;922
2107;389;1211;923
2049;409;1223;924
2009;424;1245;925
2002;425;1278;926
1984;421;1310;927
1949;441;1353;928
1871;463;1405;929
1813;499;1442;930
1727;526;1451;931
1644;531;1485;932
1599;538;1485;933
1504;562;1481;934
1441;573;1527;935
1364;595;1548;936
1304;610;1560;937
1224;630;1546;938
1122;652;1560;939
1080;673;1605;940
999;688;1573;941
957;712;1548;942
918;713;1553;943
847;713;1550;944
809;708;1529;945
802;716;1504;946
797;718;1442;947
746;708;1377;948
719;764;1344;949
702;781;1293;950
671;767;1247;951
656;773;1200;952
615;769;1131;953
584;799;1060;954
574;830;996;955
540;833;937;956
540;873;889;957
496;861;822;958
487;856;757;959
480;860;697;960
443;854;668;961
437;851;594;962
430;846;532;963
419;830;476;964
412;850;433;965
408;829;409;966
423;812;366;967
401;782;327;968
411;763;300;969
397;742;286;970
385;733;251;971
388;703;237;972
387;672;221;973
386;632;217;974
395;599;191;975
403;553;173;976
430;528;158;977
436;509;135;978
461;486;137;979
461;479;126;980
462;440;114;981
468;401;107;982
476;399;102;983
482;344;90;984
474;326;79;985
484;317;77;986
480;298;74;987
511;298;59;988
530;300;54;989
527;299;53;990
523;291;51;991
522;292;48;992
534;293;42;993
534;284;40;994
553;311;40;995
553;324;36;996
569;338;29;997
590;343;31;998
607;341;31;999
576;369;31;1000
595;386;27;1001
631;390;26;1002
667;392;25;1003
665;396;25;1004
664;403;23;1005
685;414;19;1006
719;424;17;1007
748;432;14;1008
771;444;15;1009
768;462;14;1010
806;484;12;1011
828;493;12;1012
859;507;11;1013
885;506;12;1014
941;502;12;1015
968;519;17;1016
1013;537;14;1017
1037;539;14;1018
1043;562;14;1019
1097;579;14;1020
1117;602;13;1021
1134;614;17;1022
1174;603;17;1023
1224;618;17;1024
1313;639;16;1025
1332;627;15;1026
1415;623;15;1027
1480;638;15;1028
1533;650;15;1029
1577;659;15;1030
1597;664;16;1031
1681;651;15;1032
1725;675;15;1033
1809;682;15;1034
1826;671;13;1035
1876;640;17;1036
1957;634;17;1037
2042;619;17;1038
2085;619;17;1039
2168;607;16;1040
2229;603;16;1041
2320;604;18;1042
2403;601;16;1043
2424;607;16;1044
2432;609;16;1045
2427;623;16;1046
2409;632;23;1047
2421;642;23;1048
2422;634;22;1049
2419;656;22;1050
2425;670;22;1051
2394;692;28;1052
2398;696;27;1053
2379;728;27;1054
2324;783;30;1055
2307;780;30;1056
2282;785;33;1057
2242;811;33;1058
2147;849;32;1059
2058;894;32;1060
2029;904;35;1061
2014;921;34;1062
1956;922;44;1063
1900;964;44;1064
1897;985;44;1065
1863;1021;45;1066
1853;1061;45;1067
1773;1093;49;1068
1762;1123;47;1069
1722;1159;46;1070
1710;1212;44;1071
1703;1275;44;1072
1649;1302;43;1073
1646;1273;38;1074
1631;1263;37;1075
1651;1279;35;1076
1634;1275;34;1077
1599;1280;32;1078
1652;1275;30;1079
1606;1284;28;1080
1542;1266;26;1081
1539;1252;26;1082
1523;1220;23;1083
1516;1206;22;1084
1508;1202;22;1085
1490;1153;22;1086
1454;1126;20;1087
1425;1092;17;1088
1369;1061;16;1089
1382;1018;9;1090
1352;1003;5;1091
1296;999;6;1092
1250;985;5;1093
1217;965;4;1094
1167;936;3;1095
1155;911;3;1096
1124;883;3;1097
1136;860;3;1098
1135;821;8;1099
1137;796;8;1100
1160;777;8;1101
1144;764;8;1102
1136;761;8;1103
1144;757;8;1104
1123;735;11;1105
1102;717;11;1106
1054;726;11;1107
1059;714;15;1108
1061;710;15;1109
1088;696;14;1110
1088;697;14;1111
1128;681;14;1112
1143;690;14;1113
1120;693;14;1114
1147;674;18;1115
1104;678;18;1116
1094;686;24;1117
1070;676;28;1118
1073;693;27;1119
1097;701;26;1120
1114;706;26;1121
1148;704;29;1122
1198;706;31;1123
1207;692;28;1124
1225;700;28;1125
1223;690;27;1126
1215;724;25;1127
1229;742;25;1128
1222;753;25;1129
1230;773;25;1130
1287;754;25;1131
1313;746;29;1132
1330;788;29;1133
1329;789;28;1134
1390;804;26;1135
1393;826;27;1136
1413;879;27;1137
1424;905;26;1138
1442;912;26;1139
1462;904;26;1140
1431;900;25;1141
1470;902;23;1142
1459;914;20;1143
1498;926;26;1144
1538;942;27;1145
1534;926;29;1146
1534;929;29;1147
1536;934;33;1148
1551;929;33;1149
1594;935;31;1150
1628;943;35;1151
1623;940;35;1152
1654;970;35;1153
1705;976;35;1154
1643;979;35;1155
1599;949;35;1156
1627;935;35;1157
1612;932;35;1158
1627;930;32;1159
1654;959;37;1160
1665;990;37;1161
1667;999;37;1162
1672;990;35;1163
1650;991;34;1164
1618;988;34;1165
1586;996;37;1166
1533;991;35;1167
1503;1003;57;1168
1461;1017;57;1169
1562;1045;61;1170
1577;1039;70;1171
1574;1015;68;1172
1626;1010;69;1173
1563;1035;69;1174
1569;1016;82;1175
1569;998;87;1176
1589;1025;85;1177
1608;1046;84;1178
1623;1018;86;1179
1626;978;86;1180
1673;932;93;1181
1710;900;97;1182
1705;884;104;1183
1695;875;112;1184
1676;861;135;1185
1706;867;134;1186
1653;847;130;1187
1625;846;128;1188
1661;834;138;1189
1666;850;137;1190
1634;871;146;1191
1617;883;161;1192
1590;867;169;1193
1570;874;170;1194
1535;883;167;1195
1491;909;168;1196
1485;914;179;1197
1494;932;185;1198
1505;943;189;1199
1525;966;195;1200
1543;958;210;1201
1552;987;216;1202
1608;1027;218;1203
1565;1031;209;1204
1574;1050;219;1205
1565;1095;221;1206
1595;1161;220;1207
1577;1172;233;1208
1534;1193;248;1209
1568;1229;242;1210
1576;1260;237;1211
1555;1282;240;1212
1562;1318;256;1213
1506;1326;272;1214
1514;1348;282;1215
1480;1340;273;1216
1462;1345;273;1217
1417;1368;266;1218
1374;1375;265;1219
1365;1401;256;1220
1350;1380;259;1221
1328;1404;257;1222
1305;1388;257;1223
1250;1369;251;1224
1203;1382;241;1225
1213;1399;232;1226
1173;1395;224;1227
1140;1447;206;1228
1108;1464;200;1229
1129;1466;193;1230
1114;1486;187;1231
1091;1521;166;1232
998;1516;153;1233
979;1487;147;1234
996;1489;139;1235
991;1539;130;1236
966;1558;133;1237
961;1552;121;1238
986;1548;118;1239
970;1539;106;1240
939;1528;101;1241
879;1528;92;1242
863;1552;85;1243
861;1611;84;1244
811;1603;89;1245
790;1589;90;1246
815;1582;86;1247
805;1562;79;1248
769;1567;79;1249
748;1556;74;1250
737;1544;71;1251
709;1509;71;1252
715;1514;72;1253
701;1484;67;1254
678;1431;64;1255
683;1391;61;1256
662;1393;54;1257
662;1370;48;1258
625;1345;45;1259
628;1326;40;1260
612;1306;34;1261
609;1268;29;1262
598;1211;31;1263
597;1134;28;1264
629;1106;22;1265
630;1085;18;1266
622;1084;18;1267
622;1038;17;1268
618;1010;14;1269
615;964;13;1270
598;925;12;1271
600;884;9;1272
634;862;9;1273
645;828;8;1274
680;799;8;1275
682;761;8;1276
738;734;8;1277
735;721;8;1278
722;717;8;1279
738;693;7;1280
773;684;7;1281
797;696;7;1282
809;688;5;1283
860;680;5;1284
876;660;5;1285
941;621;5;1286
966;601;3;1287
989;587;3;1288
1005;573;3;1289
1033;562;3;1290
1023;547;1;1291
1049;542;1;1292
1100;563;1;1293
1169;592;1;1294
1234;582;1;1295
1260;601;1;1296
1296;588;1;1297
1338;569;1;1298
1386;574;0;1299
1486;592;0;1300
1538;584;0;1301
1599;587;0;1302
1649;601;0;1303
1682;607;0;1304
1759;601;0;1305
1814;610;0;1306
1874;641;0;1307
1910;660;0;1308
1986;690;0;1309
2014;708;0;1310
2033;708;0;1311
2020;726;0;1312
2046;746;0;1313
2071;792;0;1314
2082;818;0;1315
2147;864;0;1316
2141;885;0;1317
2122;910;0;1318
2049;953;0;1319
2009;993;0;1320
1996;1025;0;1321
1986;1068;0;1322
1975;1128;0;1323
1938;1141;0;1324
1954;1167;0;1325
1929;1204;0;1326
1916;1263;0;1327
1878;1294;0;1328
1824;1346;0;1329
1780;1358;0;1330
1689;1394;0;1331
1682;1451;0;1332
1633;1456;0;1333
1609;1501;0;1334
1695;1541;0;1335
1664;1594;0;1336
1636;1593;0;1337
1643;1644;0;1338
1621;1668;0;1339
1623;1669;0;1340
1613;1637;0;1341
1566;1690;0;1342
1552;1730;0;1343
1549;1772;0;1344
1540;1777;0;1345
1515;1760;0;1346
1479;1748;0;1347
1513;1729;0;1348
1465;1739;0;1349
1432;1743;0;1350
1380;1734;0;1351
1340;1741;0;1352
1309;1736;0;1353
1231;1712;0;1354
1185;1696;0;1355
1152;1730;0;1356
1136;1680;0;1357
1051;1653;0;1358
1008;1641;0;1359
989;1633;0;1360
942;1639;0;1361
899;1614;0;1362
850;1584;0;1363
815;1598;0;1364
765;1571;0;1365
753;1538;0;1366
746;1536;0;1367
696;1527;0;1368
673;1487;0;1369
641;1456;0;1370
647;1385;0;1371
629;1360;0;1372
634;1362;0;1373
628;1343;0;1374
633;1295;0;1375
617;1303;0;1376
608;1284;0;1377
605;1285;0;1378
639;1276;0;1379
660;1245;0;1380
651;1186;0;1381
645;1136;0;1382
646;1087;0;1383
655;1051;0;1384
657;1045;0;1385
648;1028;0;1386
675;1004;0;1387
711;963;0;1388
726;932;0;1389
783;930;0;1390
811;892;0;1391
812;854;0;1392
859;818;0;1393
845;788;0;1394
888;766;0;1395
912;727;0;1396
942;697;0;1397
979;686;0;1398
967;666;0;1399
998;636;0;1400
1032;608;0;1401
1019;588;0;1402
1041;571;0;1403
1061;562;0;1404
1063;546;0;1405
1058;520;0;1406
1104;507;0;1407
1086;484;0;1408
1121;470;0;1409
1118;461;0;1410
1127;458;0;1411
1143;455;0;1412
1113;450;0;1413
1135;433;0;1414
1161;423;0;1415
1193;426;0;1416
1247;418;0;1417
1302;405;0;1418
1375;406;0;1419
1445;409;0;1420
1482;415;0;1421
1501;424;0;1422
1551;422;0;1423
1625;405;0;1424
1663;408;0;1425
1719;417;0;1426
1795;435;0;1427
1882;429;0;1428
1984;460;0;1429
2053;486;0;1430
2178;518;0;1431
2272;535;0;1432
2316;544;0;1433
2404;561;0;1434
2497;576;0;1435
2528;630;0;1436
2569;636;0;1437
2647;663;0;1438
2745;683;0;1439
2817;733;0;1440
2874;768;0;1441
2895;772;0;1442
2923;813;0;1443
2914;837;0;1444
2929;874;0;1445
2937;940;0;1446
2961;961;0;1447
2917;998;0;1448
2826;1059;0;1449
2750;1110;0;1450
2787;1168;0;1451
2716;1217;0;1452
2650;1240;0;1453
2560;1294;0;1454
2479;1314;0;1455
2349;1343;0;1456
2279;1406;0;1457
2143;1473;0;1458
2025;1500;0;1459
1938;1525;0;1460
1848;1575;0;1461
1758;1652;0;1462
1666;1656;0;1463
1596;1687;0;1464
1501;1731;0;1465
1404;1823;0;1466
1329;1853;0;1467
1216;1859;0;1468
1143;1888;0;1469
1101;1898;0;1470
1015;1882;0;1471
975;1887;0;1472
957;1887;0;1473
923;1871;0;1474
911;1905;0;1475
863;1872;0;1476
851;1835;0;1477
813;1792;0;1478
799;1771;0;1479
775;1748;0;1480
741;1735;0;1481
740;1713;0;1482
726;1720;0;1483
717;1649;0;1484
714;1555;0;1485
680;1495;0;1486
687;1439;0;1487
702;1402;0;1488
719;1343;0;1489
749;1304;0;1490
732;1257;0;1491
756;1198;0;1492
777;1160;0;1493
776;1119;0;1494
771;1079;0;1495
792;1049;0;1496
785;1012;0;1497
810;1007;0;1498
803;964;0;1499
834;915;0;1500
889;914;0;1501
890;874;0;1502
908;866;0;1503
922;859;0;1504
936;868;0;1505
952;845;0;1506
967;838;0;1507
981;814;0;1508
1026;824;0;1509
1066;821;0;1510
1080;836;0;1511
1109;857;0;1512
1101;849;0;1513
1124;855;0;1514
1149;888;0;1515
1143;929;0;1516
1181;940;0;1517
1193;971;0;1518
1231;981;0;1519
1259;1016;0;1520
1326;1070;0;1521
1319;1068;0;1522
1292;1073;0;1523
1296;1087;0;1524
1364;1115;0;1525
1419;1123;0;1526
1452;1168;0;1527
1483;1170;0;1528
1508;1201;0;1529
1507;1236;0;1530
1539;1268;0;1531
1543;1300;0;1532
1567;1345;0;1533
1591;1322;0;1534
1639;1345;0;1535
1654;1380;0;1536
1634;1424;0;1537
1677;1427;0;1538
1703;1429;0;1539
1728;1484;0;1540
1777;1523;0;1541
1792;1577;0;1542
1816;1597;0;1543
1861;1595;0;1544
1913;1645;0;1545
1925;1675;0;1546
1967;1696;0;1547
1955;1703;0;1548
1969;1685;0;1549
1972;1685;0;1550
1956;1714;0;1551
1913;1715;0;1552
1876;1732;0;1553
1849;1723;0;1554
1798;1728;0;1555
1767;1706;0;1556
1758;1713;0;1557
1683;1734;0;1558
1613;1691;0;1559
1515;1665;0;1560
1475;1643;0;1561
1395;1661;0;1562
1356;1649;0;1563
1293;1613;0;1564
1215;1613;0;1565
1147;1609;0;1566
1104;1573;0;1567
1046;1586;0;1568
1000;1615;0;1569
966;1592;0;1570
902;1622;0;1571
856;1599;0;1572
811;1572;0;1573
795;1552;0;1574
749;1539;0;1575
747;1544;0;1576
709;1545;0;1577
683;1522;0;1578
668;1508;0;1579
642;1479;0;1580
624;1430;0;1581
587;1398;0;1582
584;1345;0;1583
591;1293;0;1584
569;1255;0;1585
565;1231;0;1586
558;1180;0;1587
569;1129;0;1588
577;1108;0;1589
562;1096;0;1590
551;1081;0;1591
531;1045;0;1592
525;1038;0;1593
535;1003;0;1594
566;993;0;1595
559;944;0;1596
533;926;0;1597
541;862;0;1598
551;828;0;1599
540;796;0;1600
541;788;0;1601
548;764;0;1602
545;758;0;1603
536;736;0;1604
561;709;0;1605
563;673;0;1606
572;658;0;1607
596;661;0;1608
625;659;0;1609
659;668;0;1610
663;663;0;1611
648;648;0;1612
655;667;0;1613
670;654;0;1614
669;664;0;1615
695;669;0;1616
711;690;0;1617
734;701;0;1618
764;695;0;1619
759;687;0;1620
785;729;0;1621
766;730;0;1622
784;726;0;1623
804;732;0;1624
818;744;0;1625
805;754;0;1626
831;783;0;1627
846;790;0;1628
874;803;0;1629
864;811;0;1630
890;863;0;1631
886;878;0;1632
891;894;0;1633
934;917;0;1634
937;929;0;1635
949;924;0;1636
969;952;0;1637
985;956;0;1638
988;959;0;1639
994;952;0;1640
976;946;0;1641
971;1002;0;1642
1000;1002;0;1643
982;994;0;1644
1006;997;0;1645
1013;1010;0;1646
1016;1047;0;1647
1027;1029;0;1648
1051;1020;0;1649
1066;1025;0;1650
1139;1020;0;1651
1196;1019;0;1652
1208;1020;0;1653
1229;1024;0;1654
1288;985;0;1655
1336;978;0;1656
1336;958;0;1657
1323;942;0;1658
1378;929;0;1659
1373;918;0;1660
1401;889;0;1661
1426;896;0;1662
1487;862;0;1663
1538;829;0;1664
1561;792;0;1665
1554;753;0;1666
1589;743;0;1667
1600;749;0;1668
1621;722;0;1669
1645;720;0;1670
1649;707;0;1671
1662;697;0;1672
1680;691;0;1673
1717;676;0;1674
1733;688;0;1675
1712;682;0;1676
1722;699;0;1677
1744;692;0;1678
1701;691;0;1679
1747;686;0;1680
1790;689;0;1681
1811;745;0;1682
1822;765;0;1683
1846;804;0;1684
1856;815;0;1685
1874;840;0;1686
1867;887;0;1687
1892;942;0;1688
1892;967;0;1689
1907;1018;0;1690
1914;1046;0;1691
1913;1055;0;1692
1941;1110;0;1693
1955;1128;0;1694
1957;1148;0;1695
1954;1198;0;1696
1966;1199;0;1697
1958;1234;0;1698
1961;1265;0;1699
1969;1294;0;1700
1964;1281;0;1701
1956;1316;0;1702
1912;1320;0;1703
1930;1355;0;1704
1945;1367;0;1705
1952;1373;0;1706
1946;1389;0;1707
1903;1426;0;1708
1855;1439;0;1709
1848;1492;0;1710
1777;1520;0;1711
1726;1521;0;1712
1671;1503;0;1713
1616;1516;0;1714
1596;1478;0;1715
1535;1483;0;1716
1458;1472;0;1717
1417;1486;0;1718
1371;1506;0;1719
1319;1487;0;1720
1273;1487;0;1721
1186;1454;0;1722
1181;1441;0;1723
1158;1412;0;1724
1143;1392;0;1725
1081;1359;0;1726
1047;1322;0;1727
1057;1278;0;1728
1070;1222;0;1729
1056;1176;0;1730
1046;1146;0;1731
1060;1122;0;1732
1054;1097;0;1733
1057;1071;0;1734
1074;1010;0;1735
1048;959;0;1736
1052;898;0;1737
1099;849;0;1738
1125;828;0;1739
1140;830;0;1740
1186;809;0;1741
1198;816;0;1742
1207;805;0;1743
1223;817;0;1744
1212;801;0;1745
1206;787;0;1746
1226;794;0;1747
1257;842;0;1748
1275;857;0;1749
1231;856;0;1750
1182;867;0;1751
1215;860;0;1752
1211;844;0;1753
1210;857;0;1754
1218;856;0;1755
1185;877;0;1756
1167;894;0;1757
1192;919;0;1758
1195;903;0;1759
1177;906;0;1760
1164;901;0;1761
1121;919;0;1762
1126;945;0;1763
1110;958;0;1764
1139;949;0;1765
1173;969;0;1766
1197;943;0;1767
1172;933;0;1768
1165;950;0;1769
1155;970;0;1770
1152;956;0;1771
1193;974;0;1772
1165;974;0;1773
1188;969;0;1774
1143;998;0;1775
1160;978;0;1776
1175;957;0;1777
1186;980;0;1778
1185;983;0;1779
1201;1002;0;1780
1231;1009;0;1781
1242;1025;0;1782
1250;1043;0;1783
1308;1073;0;1784
1366;1038;0;1785
1398;1031;0;1786
1447;1044;0;1787
1501;1089;0;1788
1560;1085;0;1789
1597;1092;0;1790
1633;1093;0;1791
1655;1091;0;1792
1705;1109;0;1793
1711;1100;0;1794
1748;1095;0;1795
1780;1094;0;1796
1821;1073;0;1797
1895;1079;0;1798
1921;1087;0;1799
1931;1087;0;1800
2004;1137;0;1801
2015;1179;0;1802
2032;1167;0;1803
2046;1175;0;1804
2030;1170;0;1805
2130;1182;0;1806
2134;1201;0;1807
2159;1208;0;1808
2177;1233;0;1809
2216;1243;0;1810
2163;1255;0;1811
2155;1294;0;1812
2127;1336;0;1813
2118;1370;0;1814
2120;1421;0;1815
2066;1433;0;1816
2059;1449;0;1817
2016;1480;0;1818
2004;1521;0;1819
1965;1600;0;1820
1888;1665;0;1821
1882;1687;0;1822
1823;1758;0;1823
1740;1826;0;1824
1676;1869;0;1825
1618;1901;0;1826
1572;1926;0;1827
1491;1928;0;1828
1422;1910;0;1829
1403;1914;0;1830
1408;1960;0;1831
1337;1998;0;1832
1301;2013;0;1833
1256;2018;0;1834
1180;2060;0;1835
1113;2053;0;1836
1049;2062;0;1837
1031;2077;0;1838
1008;2012;0;1839
965;1990;0;1840
964;1970;0;1841
969;1936;0;1842
935;1910;0;1843
896;1864;0;1844
895;1828;0;1845
859;1763;0;1846
840;1732;0;1847
791;1669;0;1848
781;1644;0;1849
781;1574;0;1850
741;1498;0;1851
753;1462;0;1852
752;1425;0;1853
731;1352;0;1854
736;1311;0;1855
708;1239;0;1856
725;1175;0;1857
762;1131;0;1858
748;1088;0;1859
762;1074;0;1860
767;1014;0;1861
782;950;0;1862
779;943;0;1863
824;906;0;1864
844;860;0;1865
876;857;0;1866
871;857;0;1867
866;808;0;1868
921;810;0;1869
954;807;0;1870
1010;808;0;1871
1039;776;0;1872
1079;769;0;1873
1107;765;0;1874
1147;764;0;1875
1185;751;0;1876
1215;749;0;1877
1280;748;0;1878
1321;754;0;1879
1363;746;0;1880
1414;744;0;1881
1458;753;0;1882
1533;777;0;1883
1603;784;0;1884
1615;796;0;1885
1687;805;0;1886
1778;824;0;1887
1800;823;0;1888
1864;852;0;1889
1918;847;0;1890
1986;854;0;1891
2020;869;0;1892
2030;873;0;1893
2080;898;0;1894
2113;931;0;1895
2168;937;0;1896
2257;941;0;1897
2226;934;0;1898
2232;958;0;1899
2234;1010;0;1900
2192;1039;0;1901
2216;1058;0;1902
2229;1105;0;1903
2225;1145;0;1904
2179;1153;0;1905
2153;1181;0;1906
2201;1219;0;1907
2160;1295;0;1908
2101;1314;0;1909
2114;1368;0;1910
2050;1398;0;1911
2028;1441;0;1912
1967;1500;0;1913
1980;1564;0;1914
1958;1585;0;1915
1946;1631;0;1916
1922;1671;0;1917
1910;1727;0;1918
1852;1750;0;1919
1819;1793;0;1920
1779;1830;0;1921
1689;1909;0;1922
1652;1971;0;1923
1576;2011;0;1924
1485;2058;0;1925
1414;2096;0;1926
1352;2146;0;1927
1260;2196;0;1928
1187;2228;0;1929
1137;2263;0;1930
1072;2340;0;1931
1043;2359;0;1932
999;2347;0;1933
944;2430;0;1934
894;2485;0;1935
841;2467;0;1936
752;2473;0;1937
700;2479;0;1938
667;2481;0;1939
628;2486;0;1940
580;2444;0;1941
533;2438;0;1942
495;2426;0;1943
452;2376;0;1944
422;2356;0;1945
400;2295;0;1946
387;2230;0;1947
372;2164;0;1948
344;2073;0;1949
319;1962;0;1950
310;1879;0;1951
295;1799;0;1952
283;1677;0;1953
282;1550;0;1954
291;1461;0;1955
289;1370;0;1956
290;1268;0;1957
277;1174;0;1958
282;1087;0;1959
286;985;0;1960
292;859;0;1961
300;761;0;1962
312;721;0;1963
313;645;0;1964
324;608;0;1965
300;551;0;1966
315;485;0;1967
324;454;0;1968
329;405;0;1969
363;374;0;1970
355;362;0;1971
372;345;0;1972
381;331;0;1973
360;316;0;1974
351;294;0;1975
349;297;0;1976
355;286;0;1977
360;270;0;1978
352;280;0;1979
356;278;0;1980
357;275;0;1981
361;260;0;1982
358;263;0;1983
367;266;0;1984
383;276;0;1985
375;265;0;1986
387;277;0;1987
392;293;0;1988
400;293;0;1989
401;286;0;1990
407;283;0;1991
404;284;0;1992
417;284;0;1993
423;297;0;1994
428;293;0;1995
437;293;0;1996
447;299;0;1997
445;299;0;1998
476;298;0;1999
