prey;predator;dzik;iteration
1220;189;214;0
1186;189;214;1
1148;186;214;2
1135;184;214;3
1152;181;214;4
1216;176;214;5
1339;175;214;6
1505;174;214;7
1635;181;214;8
1773;179;214;9
1888;178;217;10
1975;182;230;11
2074;190;234;12
2126;187;250;13
2223;194;247;14
2279;203;259;15
2375;214;268;16
2460;224;278;17
2508;219;284;18
2571;210;300;19
2698;215;308;20
2860;224;324;21
2985;244;351;22
3049;249;362;23
3120;256;362;24
3213;247;376;25
3307;288;373;26
3337;270;376;27
3426;286;403;28
3468;298;403;29
3531;308;421;30
3525;317;430;31
3505;318;451;32
3402;344;483;33
3318;355;501;34
3288;366;536;35
3179;379;566;36
3085;384;576;37
2988;399;607;38
2923;413;642;39
2841;430;679;40
2746;448;729;41
2630;463;755;42
2513;484;793;43
2467;485;810;44
2383;485;847;45
2302;514;884;46
2215;535;917;47
2148;557;947;48
2129;560;983;49
2047;592;1047;50
1945;593;1071;51
1848;606;1114;52
1790;612;1101;53
1677;608;1125;54
1655;611;1164;55
1590;607;1215;56
1546;602;1257;57
1504;616;1311;58
1476;621;1346;59
1395;607;1357;60
1376;602;1389;61
1328;602;1412;62
1276;584;1447;63
1206;582;1493;64
1180;552;1533;65
1146;534;1548;66
1107;529;1561;67
1078;517;1549;68
1046;499;1543;69
990;473;1563;70
982;464;1566;71
928;459;1588;72
917;429;1605;73
882;418;1584;74
855;420;1573;75
822;395;1568;76
822;400;1539;77
813;388;1510;78
816;376;1504;79
853;365;1500;80
825;359;1478;81
835;356;1449;82
838;359;1402;83
824;367;1353;84
839;351;1321;85
812;334;1253;86
845;324;1222;87
852;314;1174;88
866;306;1142;89
892;290;1115;90
910;290;1093;91
898;294;1020;92
904;290;981;93
917;285;955;94
958;278;945;95
964;256;924;96
1036;266;908;97
1018;283;850;98
1023;289;823;99
1030;284;823;100
1044;280;813;101
1066;270;800;102
1113;283;774;103
1128;295;765;104
1158;296;767;105
1176;286;757;106
1172;275;752;107
1180;278;748;108
1198;282;732;109
1172;277;718;110
1193;287;738;111
1187;279;746;112
1142;275;744;113
1143;277;744;114
1199;283;743;115
1196;294;743;116
1227;288;739;117
1177;294;723;118
1187;287;716;119
1190;289;730;120
1230;310;732;121
1221;303;722;122
1217;291;702;123
1218;291;718;124
1287;280;722;125
1294;282;721;126
1288;274;714;127
1275;272;726;128
1302;263;725;129
1341;255;709;130
1373;244;701;131
1411;249;695;132
1421;253;718;133
1451;258;710;134
1458;260;684;135
1476;254;677;136
1505;253;679;137
1564;271;669;138
1669;269;665;139
1728;273;673;140
1774;279;679;141
1825;282;656;142
1895;297;649;143
1954;301;636;144
2003;308;634;145
2078;312;679;146
2123;303;705;147
2163;322;743;148
2200;316;732;149
2250;330;724;150
2298;326;746;151
2312;324;789;152
2301;320;795;153
2267;327;788;154
2227;341;792;155
2205;336;794;156
2186;337;810;157
2135;352;838;158
2096;358;850;159
2058;358;867;160
2009;351;874;161
1941;348;893;162
1908;346;936;163
1873;347;948;164
1804;363;984;165
1738;361;1005;166
1665;346;1022;167
1666;357;1059;168
1587;355;1105;169
1552;385;1130;170
1569;399;1167;171
1546;419;1167;172
1502;414;1171;173
1460;432;1167;174
1453;460;1186;175
1410;476;1197;176
1353;476;1224;177
1356;459;1246;178
1340;468;1261;179
1335;480;1296;180
1365;470;1309;181
1323;467;1346;182
1286;475;1370;183
1266;471;1368;184
1227;474;1403;185
1212;474;1417;186
1171;469;1400;187
1158;485;1438;188
1150;481;1479;189
1151;501;1492;190
1146;487;1547;191
1178;493;1579;192
1162;470;1567;193
1156;468;1544;194
1141;472;1518;195
1149;478;1476;196
1124;469;1497;197
1142;456;1532;198
1148;436;1521;199
1156;426;1519;200
1148;437;1511;201
1093;429;1496;202
1077;405;1477;203
1073;392;1438;204
1013;388;1450;205
972;366;1425;206
964;350;1345;207
973;338;1312;208
998;349;1268;209
1008;357;1244;210
979;352;1198;211
1025;350;1214;212
983;340;1215;213
942;337;1190;214
957;316;1161;215
925;315;1104;216
879;293;1044;217
893;280;1021;218
878;281;991;219
852;274;980;220
855;284;985;221
876;278;974;222
891;288;973;223
892;283;920;224
889;300;895;225
851;289;888;226
802;285;874;227
767;265;884;228
769;256;851;229
800;248;852;230
821;246;813;231
810;239;810;232
847;251;793;233
826;255;809;234
852;262;808;235
843;279;801;236
848;281;793;237
851;277;783;238
822;273;759;239
867;265;718;240
919;258;696;241
938;261;727;242
950;255;725;243
941;262;737;244
929;260;733;245
962;251;735;246
1007;248;720;247
1064;250;718;248
1125;267;697;249
1191;278;705;250
1259;285;711;251
1293;292;690;252
1313;318;682;253
1357;319;677;254
1399;328;688;255
1466;327;675;256
1513;340;683;257
1592;341;677;258
1586;340;670;259
1650;336;679;260
1676;348;656;261
1734;367;650;262
1748;376;652;263
1779;363;658;264
1807;383;662;265
1851;395;639;266
1852;419;639;267
1906;439;650;268
1931;447;665;269
1895;463;669;270
1860;461;668;271
1826;457;692;272
1838;469;684;273
1889;504;675;274
1855;496;662;275
1809;493;654;276
1819;503;672;277
1797;499;695;278
1768;512;702;279
1737;521;714;280
1682;523;720;281
1664;521;713;282
1633;531;713;283
1612;533;728;284
1575;528;720;285
1552;525;732;286
1542;518;751;287
1526;540;762;288
1542;534;782;289
1516;531;793;290
1516;542;807;291
1488;538;808;292
1487;521;836;293
1476;516;897;294
1459;488;896;295
1432;469;880;296
1379;460;897;297
1349;450;888;298
1322;430;907;299
1310;412;904;300
1296;400;945;301
1284;389;982;302
1245;369;1007;303
1189;339;1009;304
1173;340;1019;305
1158;323;1026;306
1151;288;1029;307
1131;290;1035;308
1110;286;1049;309
1086;267;1051;310
1084;266;1051;311
1077;263;1048;312
1030;261;1052;313
1025;251;1066;314
1048;240;1072;315
1063;231;1064;316
1061;215;1077;317
1055;203;1052;318
1053;202;1040;319
1038;199;1052;320
1027;195;1012;321
1056;188;994;322
1058;198;990;323
1134;185;1003;324
1173;187;994;325
1207;191;1004;326
1216;195;965;327
1225;187;923;328
1225;179;901;329
1256;171;905;330
1287;171;920;331
1299;164;929;332
1321;173;925;333
1344;178;917;334
1331;166;900;335
1351;161;901;336
1370;184;900;337
1412;182;877;338
1454;192;865;339
1488;193;866;340
1536;196;824;341
1601;200;830;342
1605;194;830;343
1616;196;796;344
1649;205;790;345
1657;208;804;346
1715;213;810;347
1797;216;822;348
1793;220;824;349
1844;235;806;350
1917;255;798;351
1905;255;800;352
1905;266;800;353
1908;261;821;354
1942;249;862;355
1941;253;895;356
1890;263;908;357
1904;278;927;358
1924;298;971;359
1953;291;973;360
1928;283;1007;361
1947;287;1011;362
1953;284;1025;363
1910;286;1029;364
1905;310;1021;365
1847;316;1043;366
1845;315;1059;367
1827;320;1072;368
1809;332;1086;369
1793;341;1105;370
1698;341;1112;371
1668;358;1171;372
1634;356;1186;373
1607;364;1222;374
1624;380;1258;375
1625;376;1295;376
1562;380;1316;377
1527;375;1347;378
1536;382;1370;379
1516;381;1376;380
1509;375;1386;381
1464;384;1416;382
1438;387;1409;383
1448;375;1426;384
1471;361;1422;385
1491;359;1431;386
1451;345;1429;387
1462;351;1461;388
1441;340;1478;389
1411;345;1474;390
1414;336;1478;391
1453;337;1467;392
1452;338;1443;393
1493;342;1383;394
1488;333;1360;395
1462;325;1318;396
1485;325;1290;397
1451;324;1272;398
1428;312;1269;399
1378;305;1252;400
1393;303;1208;401
1369;296;1173;402
1363;303;1155;403
1344;298;1164;404
1296;298;1165;405
1230;320;1115;406
1206;324;1100;407
1178;336;1115;408
1141;335;1076;409
1124;347;1080;410
1106;352;1111;411
1075;357;1122;412
1089;351;1117;413
1030;344;1104;414
1007;354;1108;415
1018;351;1117;416
1008;362;1130;417
1020;375;1123;418
999;375;1110;419
940;365;1110;420
917;367;1146;421
874;367;1146;422
846;369;1142;423
845;375;1123;424
826;375;1113;425
836;370;1126;426
822;361;1129;427
810;357;1144;428
800;363;1117;429
787;357;1147;430
813;350;1131;431
821;344;1118;432
852;342;1135;433
833;324;1106;434
868;305;1068;435
874;309;1060;436
856;304;1038;437
849;284;1025;438
884;273;992;439
904;283;976;440
906;281;940;441
934;282;944;442
955;278;932;443
951;282;900;444
974;268;855;445
961;248;823;446
955;241;797;447
942;234;792;448
954;218;752;449
1004;214;727;450
1042;209;700;451
1066;194;690;452
1133;187;658;453
1122;196;636;454
1185;195;602;455
1193;192;570;456
1233;188;553;457
1304;187;534;458
1340;181;518;459
1437;190;502;460
1497;185;487;461
1548;188;487;462
1585;189;468;463
1608;188;458;464
1615;197;438;465
1705;210;435;466
1782;211;423;467
1875;220;411;468
1926;217;393;469
1932;229;379;470
1959;229;370;471
2018;236;368;472
2041;244;359;473
2065;251;351;474
2070;241;361;475
2104;259;347;476
2077;267;341;477
2078;281;340;478
2069;295;345;479
2108;300;349;480
2075;315;372;481
2077;329;391;482
2043;337;392;483
2058;343;390;484
2036;360;401;485
1963;364;406;486
1965;380;416;487
1946;393;453;488
2011;401;463;489
1999;411;482;490
1977;424;485;491
2023;426;520;492
2031;440;533;493
2051;464;579;494
2046;459;602;495
2031;446;604;496
2022;446;615;497
2026;428;631;498
2009;446;677;499
2033;461;672;500
2049;455;687;501
2063;441;707;502
2053;456;716;503
2007;478;762;504
1997;489;795;505
1989;469;805;506
1957;479;831;507
1889;496;832;508
1919;501;856;509
1885;491;858;510
1864;473;904;511
1770;474;936;512
1763;451;923;513
1722;446;936;514
1652;453;985;515
1614;456;974;516
1551;455;1006;517
1500;444;1008;518
1432;449;1022;519
1386;437;1019;520
1331;420;1044;521
1287;412;1043;522
1266;391;1051;523
1257;373;1144;524
1233;378;1191;525
1212;364;1186;526
1191;348;1200;527
1159;338;1200;528
1113;334;1205;529
1083;334;1206;530
1037;318;1203;531
1028;322;1213;532
1029;326;1220;533
996;313;1204;534
962;289;1195;535
957;279;1225;536
949;285;1240;537
976;284;1224;538
959;286;1204;539
952;286;1192;540
967;280;1213;541
979;271;1243;542
973;261;1212;543
962;272;1226;544
932;264;1236;545
938;259;1232;546
963;254;1253;547
979;243;1239;548
990;241;1216;549
991;239;1246;550
1028;252;1169;551
1058;250;1134;552
1079;256;1101;553
1072;267;1088;554
1068;268;1035;555
1075;265;1048;556
1085;274;1048;557
1091;269;1016;558
1087;268;1015;559
1092;276;1004;560
1101;265;975;561
1125;278;981;562
1126;272;947;563
1113;280;920;564
1102;263;903;565
1087;263;885;566
1080;269;893;567
1051;276;910;568
1054;286;869;569
1095;293;858;570
1093;290;854;571
1105;274;853;572
1122;266;840;573
1155;256;822;574
1161;246;836;575
1207;256;826;576
1202;254;831;577
1241;242;836;578
1241;235;861;579
1221;233;840;580
1243;217;821;581
1263;202;833;582
1286;196;846;583
1266;196;852;584
1275;199;870;585
1366;199;876;586
1377;188;880;587
1397;177;878;588
1389;180;881;589
1433;175;900;590
1464;168;905;591
1443;172;912;592
1420;168;930;593
1462;165;924;594
1437;159;918;595
1471;159;903;596
1508;161;915;597
1514;154;906;598
1550;150;917;599
1613;146;923;600
1658;151;929;601
1709;153;940;602
1703;158;965;603
1725;149;975;604
1794;145;986;605
1836;150;978;606
1854;157;1005;607
1941;159;1025;608
1947;158;1037;609
2013;163;1046;610
2023;185;1041;611
2091;181;1031;612
2166;185;1038;613
2128;177;1052;614
2122;179;1084;615
2094;175;1106;616
2084;169;1087;617
2072;166;1088;618
2046;173;1084;619
2064;182;1130;620
2038;187;1156;621
1980;195;1175;622
1973;204;1196;623
1902;222;1236;624
1917;239;1246;625
1872;246;1251;626
1807;259;1250;627
1750;268;1268;628
1700;258;1284;629
1667;286;1308;630
1605;304;1332;631
1579;295;1321;632
1541;297;1342;633
1501;305;1379;634
1452;310;1426;635
1411;315;1487;636
1343;318;1489;637
1301;323;1484;638
1278;331;1518;639
1281;325;1559;640
1251;321;1569;641
1209;308;1590;642
1178;308;1580;643
1140;302;1611;644
1073;307;1626;645
1027;297;1630;646
1015;301;1630;647
978;309;1626;648
967;291;1617;649
929;292;1629;650
913;277;1598;651
892;269;1570;652
867;258;1569;653
822;255;1567;654
797;236;1533;655
755;233;1551;656
747;234;1530;657
718;221;1494;658
679;213;1471;659
678;205;1482;660
704;194;1453;661
698;190;1430;662
692;179;1379;663
683;163;1356;664
681;157;1365;665
687;147;1334;666
674;139;1284;667
662;137;1255;668
708;128;1234;669
700;133;1202;670
711;128;1162;671
701;131;1128;672
687;128;1080;673
702;121;1018;674
686;113;991;675
678;116;964;676
699;107;921;677
714;98;882;678
711;93;868;679
723;94;836;680
727;88;803;681
763;80;781;682
798;78;765;683
791;73;715;684
810;73;685;685
844;73;682;686
855;69;648;687
867;69;627;688
916;68;601;689
975;65;579;690
1014;64;558;691
1092;67;545;692
1099;63;577;693
1123;60;556;694
1145;62;543;695
1173;63;522;696
1250;61;529;697
1328;54;510;698
1418;47;490;699
1454;51;476;700
1499;50;478;701
1547;48;448;702
1589;47;453;703
1614;42;450;704
1667;42;444;705
1688;48;437;706
1697;47;418;707
1769;44;407;708
1828;47;408;709
1881;52;411;710
1955;53;429;711
1968;62;417;712
1960;61;427;713
1958;61;431;714
1929;61;432;715
1953;67;418;716
1983;65;424;717
2035;80;431;718
2082;80;419;719
2087;79;412;720
2149;83;413;721
2131;92;424;722
2099;93;431;723
2114;96;435;724
2084;100;426;725
2078;106;455;726
2099;113;475;727
2084;118;481;728
2088;128;490;729
2101;134;489;730
2069;144;504;731
2003;146;504;732
1981;163;504;733
1920;182;530;734
1853;188;548;735
1771;191;564;736
1709;199;586;737
1672;207;601;738
1677;216;622;739
1644;225;638;740
1602;240;652;741
1521;261;662;742
1486;282;681;743
1459;291;707;744
1454;303;722;745
1428;325;749;746
1422;345;770;747
1429;371;772;748
1443;377;772;749
1418;385;762;750
1403;393;792;751
1431;425;828;752
1424;447;844;753
1403;457;853;754
1382;468;837;755
1421;476;840;756
1431;498;851;757
1428;503;857;758
1438;515;858;759
1445;539;863;760
1422;560;876;761
1413;567;879;762
1446;586;878;763
1451;603;877;764
1442;632;860;765
1445;642;882;766
1404;644;896;767
1401;653;904;768
1382;655;915;769
1341;674;896;770
1370;678;878;771
1376;694;875;772
1348;703;886;773
1377;682;913;774
1332;671;918;775
1326;668;931;776
1320;681;920;777
1326;687;943;778
1333;677;928;779
1331;641;934;780
1288;639;951;781
1283;621;972;782
1270;625;986;783
1291;617;983;784
1274;620;987;785
1262;613;967;786
1286;605;986;787
1261;589;1001;788
1230;574;986;789
1251;562;1025;790
1255;544;1008;791
1258;531;1017;792
1234;513;1012;793
1214;498;1034;794
1210;489;1076;795
1190;465;1098;796
1182;437;1079;797
1177;413;1099;798
1179;402;1079;799
1177;380;1114;800
1155;365;1100;801
1150;365;1116;802
1151;354;1097;803
1135;334;1103;804
1135;330;1105;805
1124;313;1101;806
1115;322;1074;807
1111;305;1088;808
1133;286;1059;809
1099;272;1061;810
1105;248;1067;811
1104;230;1065;812
1104;224;1058;813
1096;227;1044;814
1097;211;1016;815
1068;204;1010;816
1066;197;990;817
1084;193;985;818
1086;197;948;819
1074;192;912;820
1108;186;887;821
1096;185;835;822
1095;198;803;823
1054;202;788;824
1069;214;752;825
1040;216;746;826
1068;229;697;827
1075;231;664;828
1035;239;626;829
1021;232;584;830
1004;249;558;831
1018;266;515;832
1024;277;489;833
1082;277;463;834
1086;271;459;835
1096;270;426;836
1106;279;410;837
1097;284;403;838
1099;295;387;839
1122;291;368;840
1150;294;361;841
1148;308;349;842
1154;315;353;843
1188;325;357;844
1207;342;334;845
1251;357;332;846
1252;363;327;847
1279;383;325;848
1247;418;320;849
1260;435;315;850
1292;447;307;851
1276;480;302;852
1325;527;310;853
1350;549;304;854
1365;601;311;855
1390;619;305;856
1377;621;294;857
1405;632;285;858
1468;646;280;859
1491;654;275;860
1492;680;278;861
1525;724;286;862
1557;746;275;863
1541;783;292;864
1538;799;274;865
1567;855;279;866
1556;881;284;867
1574;931;274;868
1568;955;281;869
1578;991;275;870
1592;994;270;871
1601;1002;260;872
1567;1023;261;873
1573;1051;250;874
1547;1093;241;875
1554;1102;262;876
1612;1118;270;877
1573;1113;274;878
1605;1113;276;879
1650;1106;290;880
1692;1092;289;881
1691;1078;310;882
1673;1046;328;883
1668;1047;341;884
1662;1021;361;885
1667;1012;362;886
1705;988;363;887
1697;972;375;888
1726;939;373;889
1759;946;388;890
1747;938;396;891
1768;901;396;892
1794;865;413;893
1745;796;417;894
1781;768;425;895
1771;748;441;896
1778;764;443;897
1781;735;485;898
1749;717;508;899
1742;698;543;900
1727;705;551;901
1732;702;563;902
1693;683;576;903
1686;669;584;904
1691;643;623;905
1662;612;640;906
1630;640;650;907
1582;637;680;908
1564;623;695;909
1534;608;699;910
1518;608;711;911
1528;602;710;912
1463;617;744;913
1392;603;756;914
1404;599;783;915
1345;587;792;916
1321;590;777;917
1280;586;793;918
1234;586;810;919
1209;574;813;920
1145;594;834;921
1107;603;836;922
1142;597;881;923
1124;608;909;924
1112;595;921;925
1096;567;927;926
1050;555;905;927
1046;543;914;928
1052;530;953;929
1016;519;993;930
1039;525;988;931
1015;537;964;932
1027;536;959;933
999;527;938;934
1007;505;936;935
1014;494;956;936
979;500;989;937
1008;489;985;938
976;493;983;939
967;480;963;940
937;485;976;941
944;459;979;942
907;446;976;943
907;430;959;944
921;422;934;945
905;413;916;946
905;409;916;947
893;423;914;948
874;422;902;949
876;416;885;950
854;392;865;951
855;389;840;952
876;381;842;953
860;374;847;954
860;371;846;955
878;367;817;956
873;360;825;957
875;352;808;958
883;335;813;959
877;328;815;960
898;320;787;961
901;315;788;962
895;330;766;963
935;326;751;964
942;315;746;965
936;298;739;966
963;283;729;967
962;267;707;968
976;257;676;969
1000;258;683;970
1028;247;667;971
1015;241;657;972
1069;235;634;973
1094;231;620;974
1095;225;591;975
1099;227;581;976
1122;225;548;977
1128;222;550;978
1186;211;552;979
1248;206;544;980
1239;198;569;981
1279;186;551;982
1315;171;543;983
1350;172;552;984
1397;172;566;985
1443;163;562;986
1512;166;561;987
1519;159;545;988
1561;151;544;989
1586;144;551;990
1630;149;561;991
1673;156;543;992
1783;159;567;993
1850;151;580;994
1879;144;575;995
1972;156;573;996
2025;155;556;997
2043;149;580;998
2047;153;586;999
2102;165;584;1000
2117;163;590;1001
2154;177;606;1002
2161;178;606;1003
2192;181;619;1004
2221;183;617;1005
2254;208;628;1006
2246;229;647;1007
2280;259;637;1008
2264;259;645;1009
2254;271;636;1010
2221;283;664;1011
2213;291;674;1012
2216;313;695;1013
2230;346;733;1014
2285;353;764;1015
2246;369;773;1016
2198;390;778;1017
2163;402;794;1018
2154;431;803;1019
2127;449;833;1020
2069;492;860;1021
2065;504;897;1022
2050;519;938;1023
2035;543;958;1024
1951;590;955;1025
1907;594;969;1026
1846;603;988;1027
1814;694;1037;1028
1732;724;1075;1029
1620;732;1090;1030
1573;753;1123;1031
1526;755;1140;1032
1476;755;1127;1033
1433;771;1156;1034
1382;787;1207;1035
1371;822;1235;1036
1298;833;1258;1037
1241;845;1270;1038
1162;852;1248;1039
1117;839;1250;1040
1090;823;1256;1041
1058;826;1235;1042
1001;838;1277;1043
968;824;1312;1044
945;812;1301;1045
919;792;1324;1046
895;766;1308;1047
856;755;1285;1048
850;730;1273;1049
834;743;1252;1050
803;734;1256;1051
773;716;1247;1052
769;685;1244;1053
773;654;1235;1054
791;596;1227;1055
762;563;1196;1056
819;530;1190;1057
832;517;1174;1058
840;496;1134;1059
844;473;1131;1060
858;432;1146;1061
853;396;1105;1062
873;366;1068;1063
835;353;1039;1064
877;337;1018;1065
905;325;977;1066
912;305;956;1067
908;290;907;1068
919;258;882;1069
937;259;832;1070
934;257;813;1071
988;244;785;1072
1012;230;730;1073
1040;227;704;1074
1073;221;676;1075
1107;226;659;1076
1142;234;642;1077
1154;236;627;1078
1172;224;594;1079
1170;229;568;1080
1196;235;565;1081
1210;232;527;1082
1214;228;518;1083
1253;230;498;1084
1266;230;477;1085
1310;242;464;1086
1325;242;484;1087
1364;241;450;1088
1405;268;451;1089
1403;278;457;1090
1428;284;463;1091
1428;278;469;1092
1415;279;464;1093
1413;289;488;1094
1425;288;509;1095
1451;299;523;1096
1474;308;528;1097
1490;313;544;1098
1562;312;571;1099
1562;326;582;1100
1559;338;582;1101
1592;347;603;1102
1585;349;607;1103
1585;342;638;1104
1565;343;639;1105
1554;356;659;1106
1555;366;671;1107
1546;355;711;1108
1525;346;712;1109
1534;350;722;1110
1498;364;722;1111
1472;367;734;1112
1456;371;738;1113
1477;399;731;1114
1440;421;735;1115
1455;429;754;1116
1471;454;761;1117
1473;487;770;1118
1455;488;772;1119
1486;499;780;1120
1439;516;794;1121
1443;526;788;1122
1422;532;791;1123
1462;533;815;1124
1442;545;805;1125
1447;552;820;1126
1476;549;793;1127
1451;566;821;1128
1474;568;827;1129
1519;580;819;1130
1524;593;806;1131
1550;595;792;1132
1530;616;779;1133
1516;621;753;1134
1558;635;727;1135
1498;635;708;1136
1507;665;690;1137
1506;710;714;1138
1510;722;697;1139
1511;737;696;1140
1473;744;694;1141
1429;775;693;1142
1406;778;690;1143
1356;776;715;1144
1333;799;723;1145
1279;816;704;1146
1289;846;694;1147
1260;859;683;1148
1248;851;682;1149
1228;860;673;1150
1181;855;664;1151
1165;862;671;1152
1132;870;688;1153
1127;880;718;1154
1111;900;703;1155
1120;889;685;1156
1137;904;670;1157
1169;944;675;1158
1144;966;691;1159
1167;967;687;1160
1147;968;686;1161
1111;957;675;1162
1114;994;650;1163
1106;971;620;1164
1098;936;621;1165
1140;918;607;1166
1172;913;610;1167
1199;885;597;1168
1211;857;589;1169
1215;827;565;1170
1218;801;564;1171
1202;772;542;1172
1195;746;530;1173
1168;719;521;1174
1173;687;511;1175
1172;689;507;1176
1183;670;508;1177
1229;670;508;1178
1205;657;516;1179
1204;607;507;1180
1277;583;487;1181
1279;539;493;1182
1282;549;492;1183
1308;520;489;1184
1304;522;493;1185
1327;501;477;1186
1340;515;481;1187
1421;491;475;1188
1450;495;487;1189
1494;482;505;1190
1533;472;513;1191
1557;460;514;1192
1624;479;516;1193
1647;468;519;1194
1679;468;521;1195
1767;460;545;1196
1816;451;589;1197
1879;474;591;1198
1939;499;575;1199
1984;510;600;1200
1996;534;625;1201
2011;540;623;1202
2040;562;625;1203
2091;563;641;1204
2088;560;650;1205
2122;566;678;1206
2118;574;694;1207
2124;594;726;1208
2164;612;729;1209
2154;631;753;1210
2152;654;782;1211
2148;646;811;1212
2153;639;856;1213
2151;662;877;1214
2100;671;913;1215
2092;687;946;1216
2127;717;960;1217
2110;735;966;1218
2065;753;998;1219
2029;772;1022;1220
1955;790;1054;1221
1904;810;1094;1222
1897;839;1129;1223
1877;861;1154;1224
1847;891;1168;1225
1725;909;1212;1226
1725;921;1271;1227
1652;934;1247;1228
1567;926;1274;1229
1508;955;1329;1230
1407;976;1351;1231
1351;1017;1372;1232
1328;1049;1370;1233
1260;1058;1372;1234
1209;1066;1429;1235
1154;1079;1418;1236
1107;1085;1480;1237
1043;1090;1496;1238
974;1147;1510;1239
920;1153;1505;1240
865;1158;1497;1241
841;1150;1494;1242
792;1141;1465;1243
751;1137;1439;1244
731;1131;1443;1245
716;1121;1407;1246
699;1083;1412;1247
702;1072;1391;1248
663;1050;1374;1249
631;1028;1322;1250
589;1013;1286;1251
603;965;1280;1252
579;925;1252;1253
586;884;1226;1254
536;862;1191;1255
520;835;1128;1256
518;798;1088;1257
500;740;1021;1258
479;680;964;1259
457;646;928;1260
448;626;885;1261
437;597;842;1262
422;571;812;1263
411;552;762;1264
402;518;736;1265
388;492;689;1266
389;472;662;1267
391;458;625;1268
369;447;596;1269
370;425;552;1270
353;429;505;1271
348;418;467;1272
380;411;425;1273
385;392;389;1274
388;399;359;1275
410;394;327;1276
431;433;306;1277
418;419;291;1278
411;401;260;1279
416;388;253;1280
414;382;235;1281
439;376;208;1282
457;370;182;1283
468;372;158;1284
490;365;145;1285
522;361;128;1286
553;358;119;1287
575;349;109;1288
564;358;108;1289
584;365;101;1290
610;369;85;1291
660;351;79;1292
685;347;75;1293
696;340;71;1294
741;327;64;1295
821;299;59;1296
826;309;55;1297
867;303;55;1298
896;294;58;1299
937;309;49;1300
995;298;48;1301
1015;296;46;1302
1056;300;41;1303
1082;307;44;1304
1159;301;41;1305
1195;295;35;1306
1219;300;33;1307
1229;311;28;1308
1322;317;23;1309
1347;326;25;1310
1344;348;25;1311
1406;347;25;1312
1435;370;25;1313
1500;385;25;1314
1539;392;25;1315
1564;432;23;1316
1575;434;22;1317
1592;434;23;1318
1617;462;22;1319
1673;468;23;1320
1640;497;24;1321
1656;509;30;1322
1722;526;33;1323
1746;552;33;1324
1771;576;38;1325
1779;614;41;1326
1765;642;44;1327
1799;694;45;1328
1797;727;46;1329
1848;740;46;1330
1839;775;49;1331
1870;819;45;1332
1857;892;49;1333
1911;914;54;1334
1935;942;58;1335
1944;979;62;1336
1946;1018;60;1337
1919;1036;60;1338
1882;1102;72;1339
1913;1103;74;1340
1905;1114;72;1341
1915;1148;78;1342
1864;1199;81;1343
1851;1214;89;1344
1849;1228;94;1345
1822;1228;103;1346
1833;1242;102;1347
1839;1248;107;1348
1857;1243;105;1349
1832;1281;102;1350
1845;1286;102;1351
1826;1284;109;1352
1795;1308;117;1353
1811;1290;112;1354
1784;1291;123;1355
1777;1279;135;1356
1822;1290;145;1357
1845;1311;146;1358
1850;1308;149;1359
1859;1283;169;1360
1873;1274;175;1361
1897;1283;182;1362
1855;1274;177;1363
1851;1310;179;1364
1849;1314;193;1365
1908;1273;204;1366
1909;1235;211;1367
1886;1210;215;1368
1855;1206;208;1369
1807;1158;210;1370
1776;1164;208;1371
1702;1122;206;1372
1678;1147;221;1373
1646;1128;218;1374
1581;1154;212;1375
1522;1142;212;1376
1447;1112;213;1377
1381;1112;214;1378
1376;1099;217;1379
1346;1113;221;1380
1300;1106;218;1381
1276;1083;227;1382
1226;1089;228;1383
1199;1059;221;1384
1188;1091;219;1385
1162;1084;231;1386
1152;1080;240;1387
1126;1088;228;1388
1104;1084;229;1389
1069;1092;229;1390
1075;1097;232;1391
1075;1074;226;1392
1087;1085;220;1393
1086;1090;213;1394
1080;1106;214;1395
1101;1105;212;1396
1093;1092;224;1397
1099;1095;228;1398
1095;1065;236;1399
1150;1049;247;1400
1183;1025;243;1401
1206;998;262;1402
1230;977;268;1403
1256;922;297;1404
1299;896;305;1405
1341;867;308;1406
1321;835;305;1407
1360;784;310;1408
1381;754;323;1409
1448;709;318;1410
1455;684;322;1411
1482;646;327;1412
1528;614;344;1413
1561;596;353;1414
1585;553;371;1415
1612;551;392;1416
1621;523;410;1417
1628;521;423;1418
1671;495;421;1419
1711;485;444;1420
1741;452;462;1421
1811;449;485;1422
1826;442;524;1423
1829;428;554;1424
1855;410;567;1425
1850;388;587;1426
1873;394;608;1427
1851;406;636;1428
1836;410;662;1429
1795;402;686;1430
1832;413;683;1431
1829;424;700;1432
1801;421;713;1433
1825;427;743;1434
1826;430;765;1435
1841;450;802;1436
1835;446;834;1437
1804;457;856;1438
1809;482;866;1439
1834;496;874;1440
1823;509;868;1441
1798;509;880;1442
1797;537;891;1443
1764;542;885;1444
1763;559;902;1445
1748;552;891;1446
1743;579;900;1447
1793;595;920;1448
1805;607;919;1449
1757;611;940;1450
1743;597;949;1451
1683;600;956;1452
1693;590;939;1453
1645;617;910;1454
1653;635;885;1455
1644;656;831;1456
1607;647;817;1457
1582;641;819;1458
1585;638;817;1459
1555;629;801;1460
1538;642;778;1461
1496;643;748;1462
1460;649;729;1463
1407;641;706;1464
1355;653;707;1465
1328;650;691;1466
1307;646;680;1467
1259;633;661;1468
1210;627;659;1469
1161;642;621;1470
1138;631;587;1471
1069;610;576;1472
1052;588;576;1473
993;568;580;1474
987;539;560;1475
960;545;538;1476
914;547;514;1477
895;538;491;1478
881;553;467;1479
846;533;467;1480
825;536;444;1481
825;533;450;1482
833;517;439;1483
801;498;432;1484
786;503;414;1485
750;497;414;1486
775;494;392;1487
767;478;360;1488
776;478;348;1489
807;476;348;1490
820;484;327;1491
825;472;320;1492
829;466;320;1493
821;463;309;1494
848;451;290;1495
872;444;274;1496
891;444;265;1497
964;417;255;1498
1027;423;240;1499
1081;444;231;1500
1117;458;215;1501
1139;459;208;1502
1177;449;193;1503
1245;431;186;1504
1331;429;177;1505
1360;426;177;1506
1407;420;168;1507
1423;429;162;1508
1528;423;180;1509
1605;434;177;1510
1656;460;163;1511
1708;452;155;1512
1784;452;143;1513
1845;450;153;1514
1981;473;158;1515
2080;463;161;1516
2105;467;159;1517
2226;472;156;1518
2311;510;149;1519
2376;534;152;1520
2426;542;147;1521
2498;550;145;1522
2623;564;151;1523
2720;580;153;1524
2799;584;155;1525
2823;598;174;1526
2899;576;173;1527
2910;581;178;1528
2917;583;190;1529
2915;600;197;1530
2946;612;196;1531
2963;623;212;1532
2967;627;215;1533
2955;622;226;1534
2939;635;222;1535
2936;674;233;1536
2935;697;238;1537
2837;725;244;1538
2812;776;247;1539
2715;801;259;1540
2652;817;271;1541
2560;828;274;1542
2478;864;281;1543
2373;913;305;1544
2278;948;315;1545
2188;972;316;1546
2099;993;328;1547
2076;1007;334;1548
1941;1033;348;1549
1867;1072;363;1550
1766;1092;371;1551
1702;1130;376;1552
1650;1169;395;1553
1558;1195;414;1554
1508;1234;447;1555
1445;1276;465;1556
1366;1273;461;1557
1342;1292;464;1558
1281;1304;460;1559
1243;1320;456;1560
1177;1355;470;1561
1130;1347;528;1562
1108;1391;517;1563
1108;1411;519;1564
1069;1430;521;1565
1040;1451;513;1566
1005;1419;536;1567
970;1381;522;1568
1003;1376;514;1569
1023;1389;498;1570
1019;1373;488;1571
1041;1336;465;1572
1041;1333;452;1573
1058;1319;440;1574
1047;1314;420;1575
1076;1323;414;1576
1095;1294;404;1577
1128;1273;408;1578
1128;1224;387;1579
1135;1169;375;1580
1149;1155;331;1581
1137;1116;307;1582
1189;1065;291;1583
1209;1025;284;1584
1249;976;272;1585
1286;947;257;1586
1291;940;254;1587
1302;930;245;1588
1285;920;238;1589
1290;898;224;1590
1295;900;234;1591
1271;866;225;1592
1286;838;215;1593
1292;821;228;1594
1289;801;240;1595
1303;797;235;1596
1316;799;246;1597
1334;822;242;1598
1362;818;237;1599
1356;817;245;1600
1404;806;246;1601
1404;799;257;1602
1417;796;255;1603
1385;798;246;1604
1378;811;252;1605
1406;827;256;1606
1405;833;249;1607
1423;827;248;1608
1467;844;254;1609
1509;820;260;1610
1533;833;260;1611
1509;840;261;1612
1509;845;278;1613
1536;854;276;1614
1552;855;301;1615
1549;852;308;1616
1559;855;315;1617
1526;887;338;1618
1507;923;340;1619
1491;946;354;1620
1483;945;359;1621
1480;965;356;1622
1451;997;365;1623
1427;1009;375;1624
1429;1010;390;1625
1409;1019;390;1626
1408;1061;389;1627
1400;1074;394;1628
1348;1075;399;1629
1303;1112;414;1630
1294;1157;452;1631
1295;1174;452;1632
1266;1172;483;1633
1240;1177;483;1634
1214;1174;483;1635
1189;1181;499;1636
1147;1198;499;1637
1119;1208;517;1638
1130;1217;533;1639
1138;1246;556;1640
1135;1250;563;1641
1156;1235;571;1642
1147;1247;582;1643
1112;1256;576;1644
1122;1215;585;1645
1122;1218;587;1646
1132;1172;598;1647
1146;1155;600;1648
1153;1158;600;1649
1139;1113;599;1650
1163;1099;594;1651
1152;1094;607;1652
1135;1084;613;1653
1137;1089;607;1654
1145;1047;595;1655
1119;1043;596;1656
1119;1021;598;1657
1157;1012;595;1658
1188;999;560;1659
1166;968;529;1660
1191;967;520;1661
1167;942;521;1662
1144;944;522;1663
1100;955;494;1664
1077;909;483;1665
1079;900;450;1666
1023;868;434;1667
1000;846;415;1668
994;851;390;1669
989;804;389;1670
981;780;357;1671
960;795;344;1672
931;766;320;1673
916;788;303;1674
884;789;290;1675
858;789;276;1676
832;772;253;1677
820;743;243;1678
794;738;229;1679
806;713;216;1680
805;703;207;1681
846;685;203;1682
856;687;197;1683
865;698;187;1684
858;687;176;1685
851;670;171;1686
868;658;175;1687
905;649;187;1688
917;637;185;1689
966;623;174;1690
963;597;164;1691
1050;620;176;1692
1084;621;173;1693
1101;613;188;1694
1128;595;188;1695
1174;603;182;1696
1231;594;186;1697
1295;583;192;1698
1275;558;196;1699
1335;556;219;1700
1384;534;219;1701
1448;526;219;1702
1483;513;239;1703
1557;502;230;1704
1656;514;240;1705
1725;505;238;1706
1776;493;244;1707
1801;476;274;1708
1787;483;285;1709
1809;509;287;1710
1798;496;288;1711
1853;498;298;1712
2002;503;304;1713
2063;494;308;1714
2114;498;300;1715
2174;534;295;1716
2184;549;322;1717
2200;555;337;1718
2272;556;337;1719
2260;550;346;1720
2324;556;347;1721
2353;570;366;1722
2358;569;374;1723
2369;592;382;1724
2366;623;374;1725
2465;668;373;1726
2394;681;362;1727
2380;697;369;1728
2370;721;366;1729
2362;746;356;1730
2335;766;346;1731
2292;793;351;1732
2268;832;353;1733
2230;878;351;1734
2214;905;339;1735
2177;958;331;1736
2101;978;336;1737
2075;964;349;1738
2033;1011;368;1739
1958;1044;368;1740
1865;1080;369;1741
1807;1170;382;1742
1756;1229;392;1743
1690;1248;383;1744
1641;1278;405;1745
1586;1304;433;1746
1492;1341;442;1747
1424;1408;444;1748
1403;1453;436;1749
1381;1474;443;1750
1317;1509;444;1751
1257;1508;463;1752
1202;1501;464;1753
1179;1487;471;1754
1145;1502;481;1755
1134;1548;483;1756
1093;1532;489;1757
1069;1531;492;1758
1067;1506;496;1759
1045;1493;514;1760
1063;1455;532;1761
1075;1414;547;1762
1085;1390;569;1763
1059;1327;550;1764
1049;1312;557;1765
1031;1252;555;1766
1048;1183;562;1767
1020;1137;565;1768
983;1096;592;1769
959;1025;589;1770
953;969;606;1771
944;922;607;1772
918;892;610;1773
917;848;619;1774
876;769;643;1775
895;750;642;1776
887;721;669;1777
867;695;673;1778
854;645;651;1779
828;601;647;1780
835;574;670;1781
821;540;664;1782
860;523;666;1783
854;501;664;1784
846;495;669;1785
854;484;672;1786
858;469;681;1787
860;467;683;1788
851;450;680;1789
836;440;669;1790
883;435;658;1791
948;427;651;1792
994;416;645;1793
996;417;644;1794
1034;416;621;1795
1056;405;585;1796
1089;395;575;1797
1109;384;577;1798
1130;391;573;1799
1144;408;580;1800
1177;409;568;1801
1211;415;540;1802
1243;430;524;1803
1294;434;515;1804
1379;432;501;1805
1430;429;500;1806
1436;427;474;1807
1441;439;447;1808
1514;464;436;1809
1615;456;426;1810
1639;449;448;1811
1680;446;433;1812
1741;450;414;1813
1841;455;400;1814
1868;469;367;1815
1883;473;361;1816
1948;491;342;1817
1993;497;338;1818
2016;516;324;1819
2083;539;311;1820
2137;553;310;1821
2239;572;301;1822
2315;593;298;1823
2331;606;316;1824
2346;633;302;1825
2350;680;306;1826
2383;711;297;1827
2375;714;291;1828
2302;757;298;1829
2277;809;283;1830
2298;811;289;1831
2258;864;295;1832
2155;856;294;1833
2116;876;302;1834
2057;914;312;1835
1980;959;318;1836
1920;989;321;1837
1796;1021;320;1838
1697;1064;300;1839
1574;1106;293;1840
1512;1146;289;1841
1437;1157;299;1842
1384;1222;290;1843
1302;1256;291;1844
1204;1250;290;1845
1190;1269;302;1846
1143;1297;300;1847
1054;1309;302;1848
1012;1323;291;1849
969;1319;297;1850
957;1345;292;1851
966;1348;295;1852
968;1330;296;1853
974;1317;288;1854
1008;1305;277;1855
986;1335;268;1856
961;1311;271;1857
987;1312;274;1858
982;1286;284;1859
1014;1260;296;1860
1049;1249;301;1861
1059;1188;303;1862
1042;1161;299;1863
1043;1114;300;1864
1070;1094;292;1865
1083;1063;283;1866
1127;1008;284;1867
1124;988;288;1868
1190;975;281;1869
1232;935;271;1870
1265;902;265;1871
1310;887;260;1872
1381;886;278;1873
1468;868;291;1874
1525;854;302;1875
1602;847;302;1876
1635;827;329;1877
1689;792;325;1878
1708;751;314;1879
1711;743;324;1880
1735;782;339;1881
1796;765;354;1882
1811;732;358;1883
1876;704;361;1884
1909;706;375;1885
1948;682;373;1886
1982;681;365;1887
1950;678;373;1888
1915;682;387;1889
1885;682;399;1890
1859;662;394;1891
1815;671;395;1892
1765;727;396;1893
1726;758;407;1894
1738;770;417;1895
1734;746;438;1896
1743;751;453;1897
1759;777;459;1898
1713;792;474;1899
1723;814;512;1900
1732;832;501;1901
1716;850;493;1902
1692;849;513;1903
1716;874;536;1904
1696;895;554;1905
1727;910;556;1906
1704;926;554;1907
1740;924;583;1908
1784;930;588;1909
1809;958;591;1910
1787;966;598;1911
1808;976;616;1912
1831;955;608;1913
1852;950;612;1914
1838;956;618;1915
1802;954;637;1916
1784;942;638;1917
1819;950;639;1918
1848;967;625;1919
1788;957;627;1920
1751;943;621;1921
1722;932;617;1922
1688;907;586;1923
1610;913;593;1924
1583;906;598;1925
1565;944;610;1926
1517;951;606;1927
1440;958;616;1928
1350;947;645;1929
1303;973;674;1930
1319;989;660;1931
1300;1033;674;1932
1236;1022;696;1933
1234;1043;689;1934
1213;1051;670;1935
1199;1047;675;1936
1125;1065;659;1937
1098;1051;656;1938
1010;1071;651;1939
988;1082;646;1940
993;1098;637;1941
975;1097;638;1942
978;1107;629;1943
1005;1121;621;1944
1001;1123;615;1945
983;1102;619;1946
986;1056;618;1947
1008;1061;596;1948
1005;1045;598;1949
1022;1008;598;1950
1015;960;594;1951
1034;961;561;1952
1066;922;564;1953
1111;899;574;1954
1145;880;560;1955
1170;843;545;1956
1189;859;540;1957
1214;815;521;1958
1269;772;500;1959
1272;755;480;1960
1281;729;462;1961
1332;710;455;1962
1318;699;441;1963
1319;674;426;1964
1314;666;420;1965
1313;677;408;1966
1319;647;406;1967
1340;628;398;1968
1357;624;397;1969
1303;627;377;1970
1307;625;368;1971
1302;617;355;1972
1316;599;350;1973
1293;617;341;1974
1286;633;339;1975
1250;615;324;1976
1232;609;327;1977
1204;620;309;1978
1169;613;313;1979
1156;620;305;1980
1193;627;289;1981
1166;618;287;1982
1120;619;286;1983
1103;628;297;1984
1079;642;289;1985
1062;650;287;1986
1014;624;283;1987
1031;624;293;1988
995;624;284;1989
1008;641;278;1990
972;662;278;1991
994;662;284;1992
968;658;278;1993
944;645;292;1994
962;670;293;1995
988;700;279;1996
994;710;283;1997
1031;733;279;1998
1022;731;289;1999
