prey;predator;dzik;iteration
1067;211;205;0
1030;211;205;1
999;209;205;2
996;207;205;3
994;204;205;4
1063;203;205;5
1157;200;205;6
1311;201;205;7
1442;197;205;8
1531;202;205;9
1609;211;208;10
1681;225;210;11
1744;243;209;12
1805;245;212;13
1871;257;218;14
1944;266;225;15
1994;281;232;16
2056;279;254;17
2128;282;236;18
2227;291;228;19
2335;306;261;20
2424;317;277;21
2514;342;288;22
2615;345;291;23
2728;384;283;24
2847;407;299;25
2990;415;299;26
3055;388;268;27
3143;420;271;28
3220;438;269;29
3254;469;295;30
3305;476;321;31
3325;497;337;32
3330;526;351;33
3342;561;370;34
3290;575;377;35
3188;600;402;36
3107;622;421;37
3051;642;450;38
3006;646;467;39
2876;684;499;40
2738;701;542;41
2682;727;568;42
2582;775;589;43
2454;794;589;44
2345;839;629;45
2239;890;632;46
2107;905;662;47
1985;931;673;48
1892;947;664;49
1788;955;689;50
1696;966;700;51
1683;960;715;52
1650;1002;708;53
1584;1049;745;54
1552;1042;759;55
1477;1069;779;56
1415;1091;790;57
1373;1120;799;58
1326;1111;799;59
1278;1094;804;60
1240;1104;810;61
1184;1105;838;62
1176;1089;859;63
1132;1095;844;64
1106;1078;870;65
1122;1108;875;66
1124;1101;862;67
1074;1105;857;68
1056;1117;837;69
1020;1133;823;70
1012;1156;836;71
955;1113;824;72
961;1123;804;73
916;1113;788;74
905;1134;766;75
898;1142;762;76
899;1141;754;77
880;1117;733;78
910;1112;729;79
878;1095;744;80
884;1085;753;81
858;1081;736;82
859;1069;737;83
876;1074;721;84
888;1035;703;85
866;991;688;86
859;977;680;87
887;935;661;88
895;882;648;89
916;840;625;90
898;818;597;91
901;781;591;92
900;743;582;93
947;725;551;94
949;703;548;95
970;687;541;96
1010;660;539;97
1036;661;542;98
1052;661;536;99
1075;664;523;100
1089;632;513;101
1079;630;488;102
1109;606;471;103
1145;604;466;104
1149;608;461;105
1160;594;440;106
1135;584;421;107
1165;562;412;108
1161;548;411;109
1198;559;414;110
1223;565;422;111
1261;583;425;112
1259;579;412;113
1281;607;402;114
1297;616;392;115
1326;627;374;116
1335;618;363;117
1380;637;342;118
1406;672;357;119
1481;689;336;120
1510;686;325;121
1562;723;336;122
1604;735;331;123
1624;741;326;124
1675;766;332;125
1691;776;341;126
1700;776;338;127
1718;797;337;128
1738;817;349;129
1732;859;360;130
1787;871;347;131
1816;891;350;132
1788;904;356;133
1762;928;371;134
1752;944;400;135
1781;973;413;136
1796;987;420;137
1838;1003;420;138
1841;1025;418;139
1794;1044;416;140
1808;1056;408;141
1756;1068;435;142
1778;1098;440;143
1744;1102;452;144
1684;1127;472;145
1655;1139;468;146
1628;1143;485;147
1613;1158;487;148
1634;1146;495;149
1627;1156;493;150
1618;1197;495;151
1594;1221;504;152
1526;1249;502;153
1497;1256;509;154
1491;1306;503;155
1510;1327;499;156
1472;1321;507;157
1439;1321;510;158
1394;1322;504;159
1390;1340;499;160
1379;1322;483;161
1373;1336;469;162
1415;1382;465;163
1398;1382;478;164
1365;1387;476;165
1383;1379;459;166
1397;1367;442;167
1392;1390;446;168
1394;1382;441;169
1323;1360;455;170
1315;1356;438;171
1267;1330;444;172
1311;1309;445;173
1331;1285;445;174
1353;1262;446;175
1303;1293;425;176
1289;1317;426;177
1266;1301;423;178
1235;1253;425;179
1226;1261;413;180
1179;1282;416;181
1214;1236;407;182
1201;1209;401;183
1208;1231;394;184
1243;1265;398;185
1267;1257;392;186
1243;1259;393;187
1245;1254;408;188
1220;1244;405;189
1185;1226;402;190
1185;1232;405;191
1165;1237;395;192
1156;1237;391;193
1122;1220;398;194
1111;1205;392;195
1077;1214;400;196
1070;1229;403;197
1036;1253;403;198
1015;1223;396;199
1000;1254;390;200
1010;1252;401;201
998;1253;401;202
958;1249;402;203
986;1206;385;204
967;1189;401;205
947;1204;395;206
920;1210;383;207
870;1204;377;208
891;1216;374;209
889;1225;374;210
853;1221;361;211
870;1191;353;212
845;1196;352;213
848;1201;347;214
851;1193;339;215
829;1202;334;216
834;1176;329;217
884;1163;318;218
888;1151;305;219
898;1134;300;220
869;1106;303;221
898;1111;305;222
915;1120;298;223
875;1124;280;224
909;1111;276;225
905;1110;266;226
911;1097;263;227
864;1071;249;228
852;1050;244;229
878;1026;235;230
869;1009;237;231
839;984;228;232
855;957;216;233
849;956;207;234
885;946;207;235
878;928;197;236
888;919;186;237
875;903;189;238
862;880;179;239
892;858;176;240
901;835;173;241
912;820;175;242
964;808;164;243
958;805;152;244
985;783;154;245
991;745;151;246
1009;729;141;247
1042;726;125;248
1064;719;121;249
1063;689;119;250
1090;673;121;251
1103;677;114;252
1089;657;119;253
1121;626;114;254
1156;615;111;255
1187;586;116;256
1255;589;108;257
1316;596;103;258
1323;614;105;259
1340;633;106;260
1354;640;105;261
1371;655;106;262
1396;672;108;263
1415;679;111;264
1474;680;112;265
1540;691;117;266
1591;721;128;267
1699;724;120;268
1692;724;112;269
1697;736;116;270
1724;759;121;271
1710;763;123;272
1713;786;125;273
1729;808;131;274
1742;833;133;275
1768;857;152;276
1773;866;154;277
1780;882;150;278
1770;909;153;279
1717;919;161;280
1735;941;164;281
1767;960;189;282
1741;1022;190;283
1744;1034;196;284
1664;1044;218;285
1662;1108;224;286
1656;1122;218;287
1589;1151;237;288
1543;1149;240;289
1552;1165;244;290
1524;1172;253;291
1540;1232;256;292
1508;1273;265;293
1450;1308;271;294
1480;1313;271;295
1450;1333;271;296
1436;1337;268;297
1387;1360;283;298
1405;1383;292;299
1369;1427;294;300
1359;1516;300;301
1289;1511;308;302
1284;1557;305;303
1273;1567;296;304
1248;1558;296;305
1268;1587;307;306
1276;1589;308;307
1243;1599;297;308
1233;1632;288;309
1251;1620;279;310
1226;1645;269;311
1210;1625;264;312
1192;1598;263;313
1183;1590;265;314
1200;1582;267;315
1240;1580;272;316
1235;1545;265;317
1278;1512;249;318
1255;1506;244;319
1263;1442;236;320
1214;1414;227;321
1158;1382;229;322
1102;1384;220;323
1107;1394;210;324
1122;1377;196;325
1083;1385;179;326
1066;1348;179;327
1031;1288;181;328
1034;1258;177;329
990;1247;167;330
943;1220;154;331
919;1198;141;332
868;1173;133;333
874;1150;125;334
834;1126;124;335
851;1119;113;336
839;1099;117;337
817;1065;108;338
822;1075;106;339
796;1058;101;340
766;1020;97;341
725;949;91;342
691;913;81;343
681;903;77;344
644;866;69;345
637;837;68;346
645;825;57;347
630;822;51;348
617;796;43;349
636;774;39;350
667;755;34;351
639;721;32;352
609;710;32;353
596;686;28;354
579;670;31;355
576;635;25;356
603;612;24;357
607;574;22;358
602;554;22;359
612;546;19;360
631;542;18;361
640;545;17;362
637;526;19;363
664;509;16;364
724;489;15;365
741;467;13;366
757;474;13;367
795;491;13;368
835;481;13;369
853;483;12;370
914;467;14;371
950;472;14;372
982;464;16;373
1031;456;14;374
1058;456;13;375
1085;457;13;376
1161;448;13;377
1218;474;13;378
1304;479;16;379
1398;492;16;380
1479;475;15;381
1574;485;14;382
1650;484;14;383
1713;494;21;384
1787;484;21;385
1885;472;26;386
1939;488;25;387
1985;516;25;388
2118;523;24;389
2189;531;31;390
2261;528;31;391
2306;529;34;392
2333;536;34;393
2333;533;34;394
2350;565;45;395
2340;573;49;396
2360;593;49;397
2343;617;50;398
2322;649;61;399
2286;688;61;400
2254;694;76;401
2229;728;76;402
2202;745;75;403
2121;768;79;404
2044;782;76;405
1944;805;76;406
1925;829;75;407
1873;850;75;408
1813;884;83;409
1757;919;82;410
1701;942;80;411
1681;993;82;412
1603;1034;90;413
1535;1046;93;414
1409;1042;96;415
1373;1055;108;416
1378;1079;106;417
1335;1074;102;418
1285;1099;103;419
1226;1134;97;420
1181;1176;93;421
1119;1185;99;422
1083;1193;100;423
1042;1194;96;424
1022;1213;90;425
1017;1199;89;426
962;1215;96;427
972;1213;88;428
933;1249;92;429
887;1227;90;430
908;1216;85;431
892;1252;87;432
878;1248;84;433
827;1249;81;434
830;1227;70;435
834;1231;68;436
845;1217;64;437
850;1236;61;438
863;1219;62;439
881;1181;56;440
858;1158;50;441
845;1145;40;442
856;1131;38;443
866;1140;37;444
886;1136;32;445
922;1103;27;446
921;1080;25;447
918;1027;20;448
944;1025;18;449
953;1024;15;450
976;1002;14;451
989;983;13;452
966;978;11;453
958;965;6;454
965;960;5;455
995;942;5;456
1017;915;5;457
1063;925;4;458
1063;956;4;459
1074;980;4;460
1119;994;4;461
1106;979;2;462
1131;987;2;463
1163;992;2;464
1154;996;1;465
1176;1028;1;466
1254;1023;1;467
1295;1022;1;468
1327;1004;1;469
1349;987;1;470
1390;994;1;471
1468;984;1;472
1492;1001;1;473
1476;1041;1;474
1520;1075;1;475
1509;1100;1;476
1517;1108;1;477
1543;1069;1;478
1595;1071;1;479
1603;1097;0;480
1594;1143;0;481
1640;1141;0;482
1646;1138;0;483
1680;1139;0;484
1665;1140;0;485
1658;1157;0;486
1631;1154;0;487
1650;1151;0;488
1651;1183;0;489
1676;1217;0;490
1746;1300;0;491
1772;1317;0;492
1821;1342;0;493
1834;1357;0;494
1841;1396;0;495
1856;1431;0;496
1837;1479;0;497
1823;1543;0;498
1801;1630;0;499
1781;1682;0;500
1801;1715;0;501
1818;1781;0;502
1751;1825;0;503
1707;1858;0;504
1683;1915;0;505
1636;1983;0;506
1574;2036;0;507
1519;2053;0;508
1457;2085;0;509
1388;2145;0;510
1357;2168;0;511
1288;2213;0;512
1302;2271;0;513
1272;2316;0;514
1229;2341;0;515
1198;2370;0;516
1142;2403;0;517
1125;2408;0;518
1081;2409;0;519
1062;2450;0;520
1025;2416;0;521
986;2411;0;522
959;2401;0;523
899;2408;0;524
864;2367;0;525
821;2310;0;526
773;2281;0;527
710;2293;0;528
676;2265;0;529
666;2219;0;530
637;2192;0;531
594;2119;0;532
561;2050;0;533
536;2025;0;534
508;2003;0;535
491;1967;0;536
467;1889;0;537
464;1850;0;538
440;1773;0;539
439;1725;0;540
428;1655;0;541
433;1645;0;542
410;1571;0;543
401;1487;0;544
390;1448;0;545
391;1374;0;546
389;1252;0;547
379;1202;0;548
383;1159;0;549
406;1113;0;550
377;1069;0;551
373;1022;0;552
359;939;0;553
360;873;0;554
362;793;0;555
363;744;0;556
397;707;0;557
407;663;0;558
412;612;0;559
429;583;0;560
432;507;0;561
435;472;0;562
481;452;0;563
498;425;0;564
506;391;0;565
538;372;0;566
538;350;0;567
555;332;0;568
553;300;0;569
562;273;0;570
580;270;0;571
600;272;0;572
599;261;0;573
615;245;0;574
640;252;0;575
650;257;0;576
646;272;0;577
656;278;0;578
670;272;0;579
664;281;0;580
667;289;0;581
690;291;0;582
683;279;0;583
692;281;0;584
724;290;0;585
779;288;0;586
797;307;0;587
839;308;0;588
870;320;0;589
912;328;0;590
918;345;0;591
964;361;0;592
982;394;0;593
996;412;0;594
1002;421;0;595
1085;421;0;596
1147;433;0;597
1171;439;0;598
1239;474;0;599
1291;488;0;600
1348;502;0;601
1386;508;0;602
1389;533;0;603
1419;519;0;604
1495;540;0;605
1477;575;0;606
1497;596;0;607
1493;602;0;608
1519;629;0;609
1584;641;0;610
1586;658;0;611
1566;661;0;612
1607;663;0;613
1618;682;0;614
1574;688;0;615
1590;713;0;616
1665;746;0;617
1693;743;0;618
1751;765;0;619
1733;783;0;620
1685;804;0;621
1652;832;0;622
1641;861;0;623
1687;886;0;624
1667;913;0;625
1642;963;0;626
1625;973;0;627
1648;998;0;628
1689;1014;0;629
1681;1030;0;630
1664;1062;0;631
1665;1097;0;632
1644;1135;0;633
1602;1145;0;634
1598;1164;0;635
1614;1193;0;636
1641;1193;0;637
1590;1204;0;638
1622;1233;0;639
1643;1239;0;640
1653;1228;0;641
1710;1223;0;642
1773;1227;0;643
1813;1200;0;644
1873;1185;0;645
1886;1193;0;646
1855;1162;0;647
1897;1145;0;648
1958;1129;0;649
1962;1142;0;650
1980;1111;0;651
2038;1081;0;652
2107;1063;0;653
2127;1035;0;654
2105;993;0;655
2117;974;0;656
2069;976;0;657
2035;973;0;658
1965;939;0;659
1875;920;0;660
1846;901;0;661
1823;866;0;662
1763;884;0;663
1693;879;0;664
1636;853;0;665
1530;831;0;666
1464;846;0;667
1380;833;0;668
1316;796;0;669
1298;775;0;670
1268;754;0;671
1236;736;0;672
1217;705;0;673
1201;678;0;674
1213;663;0;675
1177;627;0;676
1162;598;0;677
1158;585;0;678
1166;559;0;679
1209;543;0;680
1225;539;0;681
1293;521;0;682
1337;505;0;683
1360;481;0;684
1366;457;0;685
1388;463;0;686
1389;462;0;687
1372;456;0;688
1413;454;0;689
1429;446;0;690
1491;455;0;691
1572;452;0;692
1600;453;0;693
1599;457;0;694
1644;468;0;695
1640;466;0;696
1663;467;0;697
1647;475;0;698
1638;488;0;699
1723;492;0;700
1761;512;0;701
1775;517;0;702
1828;529;0;703
1873;522;0;704
1904;507;0;705
1907;520;0;706
1933;522;0;707
1949;539;0;708
1910;544;0;709
1906;554;0;710
1892;550;0;711
1920;554;0;712
1921;563;0;713
1908;553;0;714
1892;548;0;715
1899;555;0;716
1897;587;0;717
1885;579;0;718
1833;605;0;719
1728;625;0;720
1699;638;0;721
1648;639;0;722
1539;644;0;723
1533;650;0;724
1471;684;0;725
1457;700;0;726
1443;710;0;727
1400;734;0;728
1416;735;0;729
1377;749;0;730
1334;759;0;731
1321;789;0;732
1311;791;0;733
1321;798;0;734
1331;808;0;735
1344;801;0;736
1394;810;0;737
1420;827;0;738
1451;827;0;739
1476;826;0;740
1496;854;0;741
1560;885;0;742
1595;892;0;743
1604;860;0;744
1631;856;0;745
1687;850;0;746
1693;833;0;747
1768;841;0;748
1756;832;0;749
1762;816;0;750
1830;835;0;751
1867;844;0;752
1952;845;0;753
2001;835;0;754
2053;849;0;755
2139;853;0;756
2166;877;0;757
2191;898;0;758
2231;910;0;759
2296;910;0;760
2298;921;0;761
2357;917;0;762
2324;941;0;763
2377;965;0;764
2376;1001;0;765
2348;1047;0;766
2343;1076;0;767
2310;1124;0;768
2291;1168;0;769
2231;1170;0;770
2155;1177;0;771
2094;1190;0;772
2005;1193;0;773
1872;1260;0;774
1787;1278;0;775
1713;1305;0;776
1668;1352;0;777
1567;1362;0;778
1508;1401;0;779
1482;1438;0;780
1432;1475;0;781
1371;1492;0;782
1270;1490;0;783
1235;1495;0;784
1188;1482;0;785
1155;1464;0;786
1110;1482;0;787
1088;1561;0;788
1098;1572;0;789
1066;1570;0;790
1042;1565;0;791
1072;1553;0;792
1064;1534;0;793
1042;1524;0;794
986;1494;0;795
970;1448;0;796
982;1449;0;797
1023;1450;0;798
1021;1451;0;799
1005;1412;0;800
1012;1381;0;801
1003;1369;0;802
1005;1372;0;803
971;1352;0;804
969;1333;0;805
922;1266;0;806
898;1210;0;807
894;1177;0;808
919;1140;0;809
942;1135;0;810
985;1109;0;811
993;1060;0;812
1017;1050;0;813
1023;1018;0;814
1035;981;0;815
1018;927;0;816
1005;875;0;817
1014;845;0;818
1038;827;0;819
1068;821;0;820
1053;816;0;821
1075;797;0;822
1121;814;0;823
1134;794;0;824
1128;810;0;825
1163;777;0;826
1208;790;0;827
1214;810;0;828
1234;809;0;829
1227;807;0;830
1244;799;0;831
1273;781;0;832
1289;794;0;833
1316;775;0;834
1310;795;0;835
1314;810;0;836
1308;824;0;837
1305;834;0;838
1328;823;0;839
1327;807;0;840
1341;791;0;841
1391;776;0;842
1398;767;0;843
1399;750;0;844
1427;767;0;845
1423;739;0;846
1419;717;0;847
1445;712;0;848
1471;719;0;849
1474;709;0;850
1488;719;0;851
1470;714;0;852
1468;724;0;853
1534;706;0;854
1563;685;0;855
1622;684;0;856
1654;697;0;857
1694;679;0;858
1696;729;0;859
1715;705;0;860
1713;713;0;861
1732;715;0;862
1762;701;0;863
1746;692;0;864
1775;708;0;865
1810;748;0;866
1811;738;0;867
1814;747;0;868
1819;746;0;869
1845;757;0;870
1837;748;0;871
1854;757;0;872
1821;776;0;873
1805;782;0;874
1791;801;0;875
1781;788;0;876
1797;798;0;877
1814;798;0;878
1798;801;0;879
1769;807;0;880
1790;815;0;881
1739;829;0;882
1730;877;0;883
1724;892;0;884
1733;924;0;885
1712;938;0;886
1724;975;0;887
1717;1038;0;888
1709;1036;0;889
1689;1037;0;890
1648;1053;0;891
1647;1051;0;892
1643;1061;0;893
1609;1052;0;894
1573;1093;0;895
1558;1102;0;896
1531;1144;0;897
1490;1143;0;898
1481;1180;0;899
1469;1188;0;900
1439;1227;0;901
1427;1217;0;902
1455;1205;0;903
1460;1217;0;904
1461;1253;0;905
1439;1253;0;906
1413;1252;0;907
1390;1271;0;908
1354;1277;0;909
1403;1283;0;910
1387;1284;0;911
1382;1254;0;912
1408;1252;0;913
1428;1231;0;914
1486;1225;0;915
1461;1226;0;916
1478;1254;0;917
1493;1241;0;918
1532;1258;0;919
1517;1274;0;920
1517;1306;0;921
1522;1314;0;922
1604;1350;0;923
1646;1346;0;924
1654;1356;0;925
1659;1371;0;926
1674;1365;0;927
1662;1398;0;928
1685;1383;0;929
1699;1405;0;930
1718;1441;0;931
1734;1520;0;932
1729;1536;0;933
1709;1558;0;934
1691;1599;0;935
1676;1621;0;936
1678;1664;0;937
1644;1674;0;938
1589;1699;0;939
1563;1705;0;940
1505;1765;0;941
1455;1793;0;942
1465;1808;0;943
1435;1829;0;944
1405;1877;0;945
1332;1923;0;946
1269;1931;0;947
1240;1959;0;948
1254;1973;0;949
1194;1966;0;950
1193;1919;0;951
1178;1924;0;952
1126;1892;0;953
1068;1879;0;954
1012;1876;0;955
992;1863;0;956
967;1870;0;957
978;1882;0;958
973;1832;0;959
981;1789;0;960
948;1757;0;961
918;1729;0;962
899;1708;0;963
865;1721;0;964
841;1711;0;965
814;1677;0;966
779;1686;0;967
779;1621;0;968
758;1585;0;969
722;1589;0;970
715;1559;0;971
745;1578;0;972
754;1533;0;973
735;1489;0;974
715;1447;0;975
724;1401;0;976
736;1382;0;977
741;1357;0;978
753;1338;0;979
764;1301;0;980
815;1261;0;981
842;1185;0;982
870;1138;0;983
888;1115;0;984
919;1074;0;985
929;1021;0;986
962;997;0;987
988;959;0;988
1023;920;0;989
1051;889;0;990
1076;848;0;991
1120;796;0;992
1137;811;0;993
1182;792;0;994
1207;777;0;995
1216;758;0;996
1239;734;0;997
1312;727;0;998
1355;726;0;999
1385;721;0;1000
1404;714;0;1001
1421;708;0;1002
1471;700;0;1003
1492;694;0;1004
1532;709;0;1005
1574;720;0;1006
1620;732;0;1007
1650;743;0;1008
1711;773;0;1009
1738;816;0;1010
1795;852;0;1011
1812;845;0;1012
1775;881;0;1013
1805;914;0;1014
1802;956;0;1015
1839;1000;0;1016
1866;1025;0;1017
1905;1032;0;1018
1878;1061;0;1019
1893;1089;0;1020
1918;1096;0;1021
1937;1182;0;1022
1926;1201;0;1023
1882;1213;0;1024
1928;1262;0;1025
1935;1324;0;1026
1936;1381;0;1027
1900;1413;0;1028
1896;1452;0;1029
1898;1496;0;1030
1831;1573;0;1031
1836;1602;0;1032
1824;1665;0;1033
1825;1719;0;1034
1811;1820;0;1035
1800;1881;0;1036
1792;1934;0;1037
1745;1954;0;1038
1700;1969;0;1039
1649;2020;0;1040
1562;2076;0;1041
1524;2098;0;1042
1510;2100;0;1043
1497;2108;0;1044
1458;2172;0;1045
1426;2194;0;1046
1421;2212;0;1047
1379;2278;0;1048
1369;2265;0;1049
1313;2280;0;1050
1233;2293;0;1051
1183;2300;0;1052
1148;2284;0;1053
1116;2270;0;1054
1081;2247;0;1055
1072;2216;0;1056
1012;2233;0;1057
989;2236;0;1058
946;2212;0;1059
894;2168;0;1060
829;2116;0;1061
790;2052;0;1062
726;2025;0;1063
742;1964;0;1064
721;1899;0;1065
673;1843;0;1066
653;1768;0;1067
626;1733;0;1068
592;1655;0;1069
594;1598;0;1070
580;1543;0;1071
540;1498;0;1072
538;1435;0;1073
523;1377;0;1074
508;1317;0;1075
497;1247;0;1076
475;1180;0;1077
456;1095;0;1078
424;1073;0;1079
444;1046;0;1080
428;989;0;1081
391;947;0;1082
393;925;0;1083
388;879;0;1084
381;849;0;1085
391;802;0;1086
393;780;0;1087
384;739;0;1088
385;717;0;1089
390;678;0;1090
399;656;0;1091
417;621;0;1092
415;603;0;1093
430;576;0;1094
444;551;0;1095
450;529;0;1096
449;517;0;1097
466;495;0;1098
481;474;0;1099
521;473;0;1100
548;472;0;1101
547;454;0;1102
561;427;0;1103
579;416;0;1104
590;401;0;1105
603;387;0;1106
601;384;0;1107
600;371;0;1108
645;361;0;1109
642;340;0;1110
674;322;0;1111
688;330;0;1112
706;314;0;1113
751;312;0;1114
810;309;0;1115
835;305;0;1116
873;306;0;1117
900;300;0;1118
912;285;0;1119
930;276;0;1120
972;275;0;1121
992;274;0;1122
1044;272;0;1123
1127;267;0;1124
1162;261;0;1125
1254;263;0;1126
1311;265;0;1127
1362;268;0;1128
1421;276;0;1129
1474;267;0;1130
1535;278;0;1131
1594;271;0;1132
1672;268;0;1133
1763;286;0;1134
1827;286;0;1135
1880;293;0;1136
1983;306;0;1137
2045;322;0;1138
2107;340;0;1139
2217;344;0;1140
2316;364;0;1141
2344;384;0;1142
2402;406;0;1143
2473;406;0;1144
2491;433;0;1145
2549;437;0;1146
2577;453;0;1147
2590;469;0;1148
2615;490;0;1149
2729;492;0;1150
2813;504;0;1151
2817;526;0;1152
2824;557;0;1153
2841;576;0;1154
2875;604;0;1155
2855;598;0;1156
2854;624;0;1157
2838;650;0;1158
2869;649;0;1159
2862;689;0;1160
2860;714;0;1161
2846;737;0;1162
2842;779;0;1163
2834;787;0;1164
2698;806;0;1165
2616;844;0;1166
2522;876;0;1167
2417;901;0;1168
2341;918;0;1169
2264;960;0;1170
2230;1018;0;1171
2144;1082;0;1172
2078;1115;0;1173
2057;1117;0;1174
1947;1151;0;1175
1892;1201;0;1176
1805;1208;0;1177
1752;1263;0;1178
1677;1272;0;1179
1668;1283;0;1180
1606;1321;0;1181
1605;1373;0;1182
1546;1422;0;1183
1477;1443;0;1184
1417;1446;0;1185
1353;1523;0;1186
1321;1546;0;1187
1349;1559;0;1188
1290;1562;0;1189
1255;1575;0;1190
1223;1551;0;1191
1204;1544;0;1192
1180;1523;0;1193
1148;1527;0;1194
1131;1496;0;1195
1154;1509;0;1196
1153;1499;0;1197
1116;1494;0;1198
1116;1465;0;1199
1137;1434;0;1200
1128;1394;0;1201
1111;1385;0;1202
1115;1347;0;1203
1118;1337;0;1204
1155;1292;0;1205
1119;1266;0;1206
1129;1241;0;1207
1099;1202;0;1208
1101;1147;0;1209
1074;1129;0;1210
1111;1114;0;1211
1123;1110;0;1212
1111;1068;0;1213
1104;1052;0;1214
1098;1022;0;1215
1091;988;0;1216
1086;942;0;1217
1053;931;0;1218
1019;902;0;1219
1007;921;0;1220
1014;918;0;1221
1021;906;0;1222
1033;907;0;1223
1056;883;0;1224
1035;896;0;1225
1103;865;0;1226
1110;882;0;1227
1099;913;0;1228
1088;907;0;1229
1067;908;0;1230
1093;923;0;1231
1162;943;0;1232
1151;955;0;1233
1175;951;0;1234
1220;956;0;1235
1225;950;0;1236
1194;936;0;1237
1210;949;0;1238
1258;958;0;1239
1238;938;0;1240
1240;941;0;1241
1233;937;0;1242
1230;934;0;1243
1196;909;0;1244
1167;901;0;1245
1156;893;0;1246
1156;900;0;1247
1117;895;0;1248
1139;889;0;1249
1125;888;0;1250
1124;889;0;1251
1120;858;0;1252
1103;870;0;1253
1083;841;0;1254
1097;820;0;1255
1073;783;0;1256
1095;763;0;1257
1089;762;0;1258
1104;765;0;1259
1127;752;0;1260
1164;742;0;1261
1172;753;0;1262
1216;776;0;1263
1304;783;0;1264
1335;773;0;1265
1381;745;0;1266
1431;744;0;1267
1509;763;0;1268
1506;750;0;1269
1533;741;0;1270
1566;743;0;1271
1616;757;0;1272
1688;763;0;1273
1764;778;0;1274
1846;774;0;1275
1915;798;0;1276
1929;780;0;1277
2008;780;0;1278
2013;760;0;1279
2072;789;0;1280
2115;814;0;1281
2192;823;0;1282
2218;866;0;1283
2234;902;0;1284
2250;884;0;1285
2301;890;0;1286
2277;896;0;1287
2269;945;0;1288
2228;941;0;1289
2154;962;0;1290
2114;983;0;1291
2094;1022;0;1292
2034;1050;0;1293
2004;1087;0;1294
1936;1110;0;1295
1859;1145;0;1296
1803;1147;0;1297
1723;1188;0;1298
1671;1199;0;1299
1609;1242;0;1300
1584;1287;0;1301
1581;1280;0;1302
1563;1350;0;1303
1503;1375;0;1304
1409;1386;0;1305
1385;1398;0;1306
1334;1403;0;1307
1293;1449;0;1308
1264;1463;0;1309
1300;1470;0;1310
1280;1466;0;1311
1284;1487;0;1312
1273;1526;0;1313
1273;1549;0;1314
1295;1559;0;1315
1279;1594;0;1316
1305;1599;0;1317
1285;1627;0;1318
1292;1638;0;1319
1278;1627;0;1320
1307;1646;0;1321
1300;1640;0;1322
1287;1648;0;1323
1294;1647;0;1324
1302;1685;0;1325
1269;1677;0;1326
1230;1656;0;1327
1209;1594;0;1328
1212;1650;0;1329
1198;1725;0;1330
1189;1719;0;1331
1167;1687;0;1332
1118;1702;0;1333
1105;1713;0;1334
1053;1700;0;1335
1054;1719;0;1336
1035;1732;0;1337
1022;1755;0;1338
991;1730;0;1339
952;1698;0;1340
912;1694;0;1341
899;1685;0;1342
855;1713;0;1343
834;1711;0;1344
843;1740;0;1345
829;1728;0;1346
819;1744;0;1347
774;1726;0;1348
751;1712;0;1349
739;1696;0;1350
694;1688;0;1351
670;1642;0;1352
641;1633;0;1353
646;1610;0;1354
643;1580;0;1355
642;1538;0;1356
621;1479;0;1357
589;1439;0;1358
585;1401;0;1359
579;1358;0;1360
527;1300;0;1361
510;1266;0;1362
507;1220;0;1363
491;1151;0;1364
490;1093;0;1365
464;1067;0;1366
475;1017;0;1367
495;977;0;1368
468;926;0;1369
451;892;0;1370
433;856;0;1371
441;810;0;1372
453;760;0;1373
473;735;0;1374
489;704;0;1375
484;662;0;1376
483;621;0;1377
482;595;0;1378
486;567;0;1379
499;534;0;1380
517;520;0;1381
528;488;0;1382
545;466;0;1383
554;458;0;1384
561;456;0;1385
554;442;0;1386
567;423;0;1387
585;422;0;1388
618;409;0;1389
669;404;0;1390
679;399;0;1391
681;401;0;1392
672;380;0;1393
680;383;0;1394
716;367;0;1395
696;364;0;1396
727;366;0;1397
738;363;0;1398
777;364;0;1399
798;381;0;1400
805;382;0;1401
786;412;0;1402
817;417;0;1403
864;417;0;1404
869;439;0;1405
890;460;0;1406
905;466;0;1407
948;502;0;1408
1028;518;0;1409
1042;575;0;1410
1059;577;0;1411
1117;587;0;1412
1114;598;0;1413
1113;599;0;1414
1139;604;0;1415
1141;626;0;1416
1154;640;0;1417
1163;647;0;1418
1218;678;0;1419
1228;691;0;1420
1217;706;0;1421
1223;727;0;1422
1240;773;0;1423
1284;796;0;1424
1278;780;0;1425
1309;812;0;1426
1325;844;0;1427
1366;881;0;1428
1404;892;0;1429
1429;898;0;1430
1473;904;0;1431
1564;924;0;1432
1586;947;0;1433
1579;953;0;1434
1619;945;0;1435
1685;936;0;1436
1690;923;0;1437
1721;909;0;1438
1783;913;0;1439
1860;925;0;1440
1954;944;0;1441
2024;967;0;1442
2131;968;0;1443
2097;969;0;1444
2210;985;0;1445
2215;970;0;1446
2227;958;0;1447
2216;963;0;1448
2277;977;0;1449
2271;979;0;1450
2327;952;0;1451
2301;987;0;1452
2315;1010;0;1453
2329;1015;0;1454
2342;980;0;1455
2323;994;0;1456
2305;1005;0;1457
2275;980;0;1458
2251;968;0;1459
2198;984;0;1460
2167;1013;0;1461
2097;1018;0;1462
2056;1016;0;1463
1963;1005;0;1464
1914;1014;0;1465
1864;1033;0;1466
1842;1048;0;1467
1759;1030;0;1468
1715;1041;0;1469
1725;1044;0;1470
1693;1069;0;1471
1655;1072;0;1472
1590;1075;0;1473
1538;1082;0;1474
1509;1071;0;1475
1466;1089;0;1476
1476;1086;0;1477
1446;1124;0;1478
1459;1107;0;1479
1440;1103;0;1480
1409;1092;0;1481
1351;1100;0;1482
1349;1112;0;1483
1315;1111;0;1484
1275;1102;0;1485
1242;1106;0;1486
1229;1098;0;1487
1195;1076;0;1488
1189;1072;0;1489
1210;1030;0;1490
1212;1018;0;1491
1170;1003;0;1492
1171;976;0;1493
1151;972;0;1494
1197;969;0;1495
1197;952;0;1496
1201;918;0;1497
1193;897;0;1498
1243;884;0;1499
1240;909;0;1500
1260;913;0;1501
1268;907;0;1502
1280;910;0;1503
1303;940;0;1504
1334;939;0;1505
1343;950;0;1506
1413;935;0;1507
1442;931;0;1508
1489;924;0;1509
1511;962;0;1510
1604;976;0;1511
1652;960;0;1512
1680;942;0;1513
1667;954;0;1514
1704;972;0;1515
1715;958;0;1516
1744;975;0;1517
1764;979;0;1518
1797;991;0;1519
1854;1010;0;1520
1913;1055;0;1521
1949;1082;0;1522
1943;1067;0;1523
1982;1079;0;1524
1946;1086;0;1525
1932;1177;0;1526
1876;1191;0;1527
1863;1195;0;1528
1864;1197;0;1529
1849;1229;0;1530
1881;1283;0;1531
1891;1327;0;1532
1863;1383;0;1533
1810;1433;0;1534
1783;1485;0;1535
1759;1550;0;1536
1716;1606;0;1537
1710;1636;0;1538
1652;1664;0;1539
1599;1689;0;1540
1559;1721;0;1541
1524;1766;0;1542
1458;1825;0;1543
1408;1867;0;1544
1365;1883;0;1545
1356;1884;0;1546
1312;1894;0;1547
1332;1907;0;1548
1310;1897;0;1549
1296;1868;0;1550
1254;1888;0;1551
1233;1902;0;1552
1194;1868;0;1553
1152;1807;0;1554
1131;1765;0;1555
1100;1728;0;1556
1069;1705;0;1557
1056;1657;0;1558
1044;1596;0;1559
1025;1555;0;1560
1020;1522;0;1561
998;1451;0;1562
956;1378;0;1563
929;1301;0;1564
875;1263;0;1565
858;1188;0;1566
820;1140;0;1567
789;1121;0;1568
763;1114;0;1569
762;1040;0;1570
754;984;0;1571
763;934;0;1572
754;923;0;1573
767;887;0;1574
781;882;0;1575
765;852;0;1576
760;806;0;1577
759;783;0;1578
770;723;0;1579
772;695;0;1580
781;702;0;1581
779;694;0;1582
798;689;0;1583
792;683;0;1584
825;672;0;1585
832;641;0;1586
815;631;0;1587
826;630;0;1588
875;624;0;1589
879;603;0;1590
895;610;0;1591
929;608;0;1592
920;604;0;1593
909;600;0;1594
954;587;0;1595
958;592;0;1596
960;581;0;1597
972;575;0;1598
991;575;0;1599
1053;561;0;1600
1062;577;0;1601
1113;594;0;1602
1106;599;0;1603
1156;607;0;1604
1192;621;0;1605
1230;618;0;1606
1186;632;0;1607
1161;648;0;1608
1190;677;0;1609
1195;681;0;1610
1199;670;0;1611
1237;710;0;1612
1252;749;0;1613
1267;756;0;1614
1306;770;0;1615
1301;804;0;1616
1309;832;0;1617
1297;838;0;1618
1284;859;0;1619
1262;879;0;1620
1293;897;0;1621
1305;931;0;1622
1342;959;0;1623
1355;950;0;1624
1406;963;0;1625
1425;971;0;1626
1433;990;0;1627
1461;1007;0;1628
1429;1026;0;1629
1457;1012;0;1630
1463;1028;0;1631
1438;1038;0;1632
1509;1074;0;1633
1553;1081;0;1634
1592;1095;0;1635
1640;1100;0;1636
1682;1116;0;1637
1741;1126;0;1638
1746;1112;0;1639
1741;1094;0;1640
1763;1078;0;1641
1774;1113;0;1642
1772;1091;0;1643
1783;1069;0;1644
1787;1080;0;1645
1841;1089;0;1646
1868;1095;0;1647
1909;1092;0;1648
1932;1083;0;1649
1941;1093;0;1650
1928;1090;0;1651
1904;1088;0;1652
1885;1113;0;1653
1869;1111;0;1654
1839;1142;0;1655
1801;1155;0;1656
1779;1156;0;1657
1818;1179;0;1658
1765;1167;0;1659
1709;1186;0;1660
1695;1222;0;1661
1656;1237;0;1662
1622;1231;0;1663
1613;1237;0;1664
1549;1227;0;1665
1473;1218;0;1666
1447;1242;0;1667
1402;1265;0;1668
1354;1273;0;1669
1320;1260;0;1670
1317;1273;0;1671
1283;1272;0;1672
1228;1295;0;1673
1239;1295;0;1674
1213;1328;0;1675
1166;1323;0;1676
1164;1336;0;1677
1220;1357;0;1678
1213;1384;0;1679
1218;1440;0;1680
1202;1450;0;1681
1199;1436;0;1682
1182;1413;0;1683
1167;1406;0;1684
1176;1425;0;1685
1145;1452;0;1686
1135;1465;0;1687
1129;1470;0;1688
1166;1482;0;1689
1160;1473;0;1690
1190;1478;0;1691
1193;1498;0;1692
1156;1518;0;1693
1143;1497;0;1694
1111;1522;0;1695
1156;1533;0;1696
1137;1543;0;1697
1148;1525;0;1698
1135;1488;0;1699
1105;1482;0;1700
1076;1492;0;1701
1102;1501;0;1702
1090;1511;0;1703
1144;1502;0;1704
1114;1504;0;1705
1149;1490;0;1706
1182;1493;0;1707
1202;1477;0;1708
1196;1511;0;1709
1209;1563;0;1710
1235;1584;0;1711
1279;1555;0;1712
1332;1527;0;1713
1374;1506;0;1714
1422;1502;0;1715
1450;1498;0;1716
1468;1484;0;1717
1471;1506;0;1718
1475;1479;0;1719
1492;1472;0;1720
1491;1440;0;1721
1493;1418;0;1722
1531;1390;0;1723
1512;1352;0;1724
1509;1340;0;1725
1484;1323;0;1726
1475;1301;0;1727
1429;1254;0;1728
1402;1223;0;1729
1339;1184;0;1730
1320;1175;0;1731
1241;1167;0;1732
1204;1170;0;1733
1153;1150;0;1734
1085;1177;0;1735
1021;1168;0;1736
973;1130;0;1737
946;1126;0;1738
929;1134;0;1739
883;1189;0;1740
848;1185;0;1741
820;1183;0;1742
795;1160;0;1743
777;1142;0;1744
739;1110;0;1745
730;1128;0;1746
735;1148;0;1747
727;1121;0;1748
712;1118;0;1749
694;1098;0;1750
717;1057;0;1751
707;994;0;1752
678;986;0;1753
698;964;0;1754
687;938;0;1755
698;942;0;1756
695;922;0;1757
701;931;0;1758
757;901;0;1759
781;886;0;1760
766;867;0;1761
759;837;0;1762
767;827;0;1763
789;841;0;1764
801;817;0;1765
864;778;0;1766
885;757;0;1767
998;749;0;1768
1024;730;0;1769
1034;737;0;1770
1046;752;0;1771
1068;758;0;1772
1137;732;0;1773
1172;722;0;1774
1197;702;0;1775
1322;720;0;1776
1359;728;0;1777
1407;711;0;1778
1460;703;0;1779
1514;703;0;1780
1578;704;0;1781
1634;719;0;1782
1644;722;0;1783
1690;718;0;1784
1734;729;0;1785
1734;722;0;1786
1833;734;0;1787
1858;763;0;1788
1921;806;0;1789
1967;833;0;1790
2000;842;0;1791
2037;854;0;1792
2095;875;0;1793
2118;924;0;1794
2116;945;0;1795
2166;970;0;1796
2244;974;0;1797
2300;988;0;1798
2315;1042;0;1799
2314;1051;0;1800
2324;1070;0;1801
2268;1151;0;1802
2264;1169;0;1803
2238;1175;0;1804
2213;1224;0;1805
2232;1261;0;1806
2224;1252;0;1807
2184;1304;0;1808
2164;1366;0;1809
2132;1433;0;1810
2100;1477;0;1811
2059;1472;0;1812
1948;1473;0;1813
1900;1487;0;1814
1835;1502;0;1815
1785;1494;0;1816
1751;1462;0;1817
1704;1452;0;1818
1678;1450;0;1819
1630;1450;0;1820
1581;1428;0;1821
1527;1392;0;1822
1459;1386;0;1823
1399;1400;0;1824
1326;1401;0;1825
1267;1421;0;1826
1252;1429;0;1827
1237;1402;0;1828
1164;1358;0;1829
1105;1324;0;1830
1057;1338;0;1831
1018;1335;0;1832
980;1321;0;1833
923;1313;0;1834
894;1311;0;1835
827;1335;0;1836
783;1331;0;1837
748;1328;0;1838
706;1335;0;1839
694;1325;0;1840
704;1331;0;1841
681;1304;0;1842
686;1272;0;1843
709;1278;0;1844
680;1286;0;1845
662;1263;0;1846
639;1257;0;1847
619;1267;0;1848
625;1263;0;1849
639;1252;0;1850
634;1214;0;1851
653;1206;0;1852
661;1195;0;1853
676;1149;0;1854
683;1086;0;1855
737;1026;0;1856
750;999;0;1857
799;966;0;1858
823;942;0;1859
804;912;0;1860
827;876;0;1861
864;832;0;1862
862;782;0;1863
892;742;0;1864
894;701;0;1865
905;639;0;1866
872;571;0;1867
892;516;0;1868
906;479;0;1869
936;453;0;1870
919;408;0;1871
927;369;0;1872
912;347;0;1873
878;327;0;1874
941;305;0;1875
931;272;0;1876
939;259;0;1877
974;244;0;1878
1006;234;0;1879
1030;225;0;1880
1048;212;0;1881
1094;209;0;1882
1112;202;0;1883
1132;195;0;1884
1121;188;0;1885
1181;175;0;1886
1228;183;0;1887
1259;180;0;1888
1286;185;0;1889
1314;183;0;1890
1343;185;0;1891
1361;186;0;1892
1393;203;0;1893
1402;207;0;1894
1472;210;0;1895
1498;217;0;1896
1567;227;0;1897
1579;236;0;1898
1662;256;0;1899
1755;268;0;1900
1757;276;0;1901
1807;294;0;1902
1875;324;0;1903
1909;341;0;1904
1961;359;0;1905
1996;370;0;1906
2065;388;0;1907
2197;392;0;1908
2239;404;0;1909
2327;422;0;1910
2389;468;0;1911
2442;488;0;1912
2459;509;0;1913
2519;531;0;1914
2576;563;0;1915
2667;623;0;1916
2780;651;0;1917
2841;668;0;1918
2904;685;0;1919
2950;714;0;1920
2980;732;0;1921
3012;758;0;1922
2940;826;0;1923
2905;862;0;1924
2912;907;0;1925
2887;969;0;1926
2860;1013;0;1927
2812;1042;0;1928
2741;1077;0;1929
2659;1085;0;1930
2560;1126;0;1931
2431;1156;0;1932
2368;1167;0;1933
2215;1179;0;1934
2025;1210;0;1935
1928;1280;0;1936
1814;1277;0;1937
1738;1312;0;1938
1629;1339;0;1939
1488;1373;0;1940
1426;1403;0;1941
1349;1412;0;1942
1292;1408;0;1943
1212;1379;0;1944
1174;1365;0;1945
1093;1353;0;1946
1055;1328;0;1947
1015;1295;0;1948
987;1289;0;1949
1006;1236;0;1950
1013;1208;0;1951
994;1189;0;1952
983;1131;0;1953
987;1078;0;1954
986;1038;0;1955
1009;1008;0;1956
1042;946;0;1957
1082;905;0;1958
1121;860;0;1959
1126;839;0;1960
1165;820;0;1961
1217;776;0;1962
1235;723;0;1963
1264;686;0;1964
1297;649;0;1965
1365;650;0;1966
1474;619;0;1967
1524;602;0;1968
1571;579;0;1969
1622;548;0;1970
1680;525;0;1971
1777;515;0;1972
1841;508;0;1973
1885;497;0;1974
1952;506;0;1975
2032;522;0;1976
2051;531;0;1977
2095;547;0;1978
2129;522;0;1979
2167;524;0;1980
2205;526;0;1981
2257;526;0;1982
2276;519;0;1983
2301;537;0;1984
2329;549;0;1985
2311;575;0;1986
2374;582;0;1987
2387;593;0;1988
2363;609;0;1989
2381;645;0;1990
2346;642;0;1991
2397;677;0;1992
2453;698;0;1993
2457;712;0;1994
2483;719;0;1995
2462;736;0;1996
2487;747;0;1997
2500;785;0;1998
2430;845;0;1999
