prey;predator;dzik;iteration
1209;195;194;0
1176;193;194;1
1142;191;194;2
1127;190;194;3
1151;189;194;4
1211;189;194;5
1369;189;194;6
1522;190;194;7
1656;190;194;8
1789;201;194;9
1891;205;198;10
2012;209;198;11
2145;219;200;12
2205;232;210;13
2292;231;218;14
2425;245;225;15
2460;249;229;16
2548;281;244;17
2663;297;258;18
2753;308;255;19
2857;320;269;20
2947;341;286;21
3018;349;315;22
3148;360;307;23
3238;396;314;24
3285;422;309;25
3286;429;323;26
3290;427;326;27
3324;444;347;28
3346;472;366;29
3308;478;368;30
3275;502;384;31
3217;522;406;32
3066;555;436;33
3031;593;469;34
2888;637;493;35
2769;661;523;36
2702;668;542;37
2573;695;579;38
2429;747;598;39
2288;759;636;40
2153;808;652;41
2086;837;691;42
1980;887;713;43
1897;919;757;44
1764;917;772;45
1666;919;785;46
1557;952;807;47
1519;984;817;48
1427;994;818;49
1371;1030;830;50
1334;1035;832;51
1272;1012;870;52
1276;1038;861;53
1194;1068;886;54
1191;1077;858;55
1126;1067;873;56
1115;1048;887;57
1056;1032;892;58
1009;1035;878;59
969;1046;892;60
1008;1031;908;61
964;1031;902;62
949;1024;881;63
934;1010;882;64
929;1015;879;65
919;1002;877;66
917;994;840;67
901;1006;838;68
916;1012;838;69
910;1015;816;70
877;1000;812;71
856;977;785;72
847;952;769;73
824;937;743;74
855;943;715;75
865;935;717;76
872;917;706;77
898;897;679;78
904;890;670;79
910;874;627;80
915;856;621;81
894;859;617;82
926;865;595;83
906;851;592;84
948;862;571;85
965;842;568;86
963;833;557;87
981;824;526;88
1020;792;508;89
1030;762;483;90
1059;763;469;91
1042;768;459;92
1046;785;445;93
1056;757;432;94
1059;758;409;95
1095;747;409;96
1118;739;408;97
1122;721;389;98
1175;730;396;99
1192;724;386;100
1241;721;368;101
1244;709;360;102
1241;701;357;103
1242;675;345;104
1286;663;335;105
1288;661;357;106
1322;657;362;107
1389;643;376;108
1415;631;366;109
1457;610;354;110
1489;610;349;111
1548;584;344;112
1604;607;348;113
1623;594;352;114
1636;595;348;115
1648;601;350;116
1672;598;365;117
1741;585;366;118
1780;597;375;119
1791;590;400;120
1797;589;416;121
1815;593;419;122
1771;577;422;123
1770;589;431;124
1751;592;462;125
1715;605;474;126
1661;616;468;127
1635;623;475;128
1606;625;481;129
1602;626;485;130
1560;639;486;131
1545;644;488;132
1479;666;522;133
1448;678;528;134
1369;686;554;135
1329;698;584;136
1320;708;601;137
1329;707;609;138
1324;681;609;139
1282;687;601;140
1299;688;605;141
1294;670;597;142
1289;648;613;143
1290;651;598;144
1257;632;594;145
1229;633;590;146
1259;617;595;147
1266;583;590;148
1256;558;597;149
1288;559;592;150
1345;562;601;151
1362;561;577;152
1367;544;550;153
1374;524;560;154
1389;504;550;155
1470;497;563;156
1527;479;565;157
1617;469;567;158
1626;457;570;159
1619;440;573;160
1645;430;573;161
1669;419;573;162
1705;409;567;163
1767;403;561;164
1767;400;584;165
1804;415;579;166
1881;422;589;167
1853;421;583;168
1856;417;609;169
1857;429;615;170
1818;433;609;171
1812;431;607;172
1800;446;618;173
1790;461;621;174
1809;476;620;175
1780;489;629;176
1816;483;630;177
1871;486;646;178
1902;492;646;179
1920;486;646;180
1925;504;642;181
1953;523;644;182
1982;531;641;183
1928;547;632;184
1950;564;651;185
1948;574;638;186
1944;592;646;187
1976;599;655;188
2017;631;660;189
2004;646;669;190
2038;668;665;191
2014;672;662;192
1973;731;686;193
1904;752;672;194
1927;749;677;195
1888;782;715;196
1860;807;728;197
1806;809;729;198
1800;828;732;199
1769;862;751;200
1788;859;753;201
1737;854;779;202
1710;896;793;203
1681;913;811;204
1658;944;831;205
1584;935;849;206
1554;957;855;207
1517;978;863;208
1486;980;890;209
1506;995;921;210
1496;1000;934;211
1457;979;930;212
1407;1000;927;213
1350;998;934;214
1288;990;961;215
1263;967;954;216
1209;966;954;217
1178;955;972;218
1151;939;984;219
1163;911;1033;220
1143;892;1047;221
1090;873;1075;222
1064;844;1083;223
1035;822;1061;224
1029;841;1036;225
1016;808;1069;226
999;791;1067;227
978;822;1046;228
1004;817;1039;229
977;796;1038;230
962;770;1049;231
976;743;1055;232
994;731;1059;233
984;708;1052;234
964;675;1057;235
961;653;1042;236
971;622;1050;237
1009;605;1063;238
1035;601;1035;239
1037;576;1015;240
1051;542;1014;241
1056;521;994;242
1059;492;1002;243
1045;483;1031;244
1039;470;1010;245
1024;446;1002;246
1056;416;1002;247
1031;413;960;248
1077;409;955;249
1108;418;919;250
1098;405;903;251
1114;400;899;252
1066;410;890;253
1077;407;875;254
1141;408;844;255
1150;421;823;256
1173;410;790;257
1204;400;771;258
1227;400;772;259
1257;394;759;260
1261;392;762;261
1265;392;760;262
1308;382;729;263
1338;391;730;264
1366;389;717;265
1382;378;691;266
1380;369;699;267
1348;364;700;268
1381;375;686;269
1371;405;693;270
1394;397;672;271
1409;408;662;272
1467;411;655;273
1462;423;656;274
1535;436;663;275
1553;428;686;276
1552;432;673;277
1565;439;683;278
1539;446;681;279
1539;456;673;280
1558;465;673;281
1587;472;692;282
1585;460;715;283
1660;475;730;284
1698;480;724;285
1727;486;719;286
1745;497;712;287
1768;511;736;288
1787;530;769;289
1840;544;766;290
1839;565;751;291
1831;572;750;292
1846;600;783;293
1853;621;805;294
1839;631;830;295
1863;659;843;296
1849;665;834;297
1896;671;862;298
1846;685;875;299
1811;696;883;300
1818;711;895;301
1788;719;902;302
1802;761;907;303
1739;777;916;304
1714;786;934;305
1731;783;945;306
1676;837;950;307
1593;862;977;308
1567;884;1001;309
1491;899;1011;310
1458;910;993;311
1431;938;998;312
1387;973;1019;313
1359;994;1033;314
1316;1007;1014;315
1309;996;994;316
1254;1000;1061;317
1210;989;1082;318
1205;982;1074;319
1218;1017;1095;320
1155;1024;1067;321
1110;1044;1051;322
1077;1047;1035;323
1066;1018;1023;324
1018;1017;1004;325
972;995;997;326
965;964;978;327
953;929;961;328
904;909;933;329
892;895;931;330
827;854;919;331
799;848;895;332
821;837;885;333
783;812;887;334
753;785;857;335
710;814;799;336
703;813;762;337
682;803;733;338
634;774;690;339
600;765;676;340
625;725;649;341
626;691;653;342
624;678;639;343
611;645;626;344
588;611;599;345
570;597;590;346
575;591;586;347
571;571;561;348
572;542;560;349
587;516;552;350
604;489;531;351
612;471;527;352
611;446;497;353
638;431;486;354
654;394;494;355
682;394;495;356
698;372;484;357
685;346;467;358
708;324;463;359
732;309;462;360
719;307;450;361
700;290;430;362
724;277;415;363
743;269;420;364
769;274;408;365
780;263;409;366
769;253;403;367
777;248;398;368
808;243;378;369
834;237;362;370
843;254;347;371
862;270;344;372
903;262;341;373
989;258;324;374
1012;252;320;375
1000;250;313;376
1017;245;302;377
1021;237;301;378
1051;239;280;379
1116;245;278;380
1191;252;272;381
1242;258;262;382
1294;260;246;383
1314;270;252;384
1370;283;242;385
1425;284;237;386
1498;301;230;387
1557;304;232;388
1617;327;238;389
1700;336;247;390
1788;344;272;391
1808;343;272;392
1807;350;267;393
1828;366;276;394
1934;384;287;395
1999;391;293;396
2086;410;310;397
2134;426;333;398
2203;444;346;399
2245;464;362;400
2270;473;362;401
2287;492;362;402
2291;526;383;403
2331;549;402;404
2363;566;417;405
2420;567;445;406
2450;581;450;407
2421;606;458;408
2426;640;464;409
2442;651;476;410
2407;654;488;411
2377;682;481;412
2380;735;507;413
2298;763;521;414
2242;799;538;415
2220;805;541;416
2226;838;568;417
2147;833;575;418
2067;847;606;419
2020;887;615;420
1931;922;622;421
1890;918;635;422
1844;929;654;423
1776;934;684;424
1714;944;683;425
1641;971;667;426
1588;994;688;427
1576;969;678;428
1507;960;687;429
1458;951;670;430
1386;968;680;431
1321;968;680;432
1220;959;676;433
1193;981;682;434
1141;988;685;435
1102;971;705;436
1072;980;711;437
1068;1009;690;438
1025;991;713;439
1044;961;708;440
1001;932;711;441
989;922;702;442
955;902;707;443
944;874;723;444
942;837;735;445
963;825;714;446
977;840;705;447
968;835;702;448
945;845;703;449
983;827;709;450
968;792;690;451
973;779;674;452
954;743;686;453
945;733;677;454
962;722;658;455
974;736;654;456
985;743;661;457
1004;714;645;458
1036;708;621;459
1061;686;610;460
1079;675;616;461
1108;669;603;462
1115;656;585;463
1093;644;560;464
1194;619;549;465
1203;590;534;466
1253;597;532;467
1261;573;510;468
1286;569;505;469
1336;571;486;470
1374;579;460;471
1415;580;427;472
1453;576;420;473
1456;563;407;474
1492;540;389;475
1514;531;377;476
1528;532;364;477
1632;524;365;478
1683;532;363;479
1728;555;345;480
1777;560;324;481
1820;586;329;482
1881;577;324;483
1857;610;320;484
1906;611;333;485
1929;619;326;486
1969;615;339;487
1980;653;331;488
2010;680;335;489
2006;697;342;490
2053;728;343;491
2064;747;329;492
2009;750;329;493
2023;756;339;494
2004;764;339;495
2028;750;347;496
2037;761;348;497
2008;756;350;498
2040;756;378;499
2078;757;379;500
2117;776;365;501
2145;798;384;502
2150;838;405;503
2138;901;414;504
2130;935;443;505
2077;942;456;506
2068;962;459;507
2074;983;485;508
2081;1005;508;509
2081;1008;551;510
2080;1049;577;511
2128;1056;597;512
2096;1103;588;513
2100;1154;594;514
2097;1219;620;515
2040;1226;649;516
2014;1246;669;517
1986;1255;686;518
1948;1255;713;519
1915;1271;725;520
1922;1264;714;521
1877;1277;726;522
1802;1315;731;523
1776;1323;745;524
1704;1366;734;525
1632;1402;759;526
1548;1435;750;527
1514;1448;758;528
1401;1492;770;529
1315;1493;752;530
1283;1457;763;531
1214;1450;770;532
1168;1472;764;533
1121;1441;771;534
1061;1472;769;535
1001;1481;753;536
952;1486;746;537
924;1494;734;538
939;1504;725;539
898;1512;736;540
870;1466;759;541
828;1466;738;542
790;1429;737;543
763;1472;721;544
775;1456;711;545
748;1425;701;546
731;1413;701;547
684;1393;704;548
680;1360;689;549
683;1316;666;550
670;1277;680;551
675;1209;660;552
656;1161;661;553
653;1121;657;554
641;1084;636;555
622;1024;615;556
590;983;602;557
603;943;584;558
583;889;565;559
594;859;537;560
566;796;524;561
571;764;512;562
602;687;509;563
607;645;499;564
615;619;477;565
600;579;450;566
593;526;434;567
596;515;410;568
632;499;410;569
647;450;388;570
652;430;377;571
670;410;359;572
683;413;348;573
707;368;322;574
698;359;314;575
705;340;309;576
708;328;302;577
745;321;293;578
746;313;283;579
783;320;254;580
774;306;223;581
839;296;210;582
851;283;222;583
886;275;220;584
886;274;209;585
912;267;194;586
948;258;186;587
974;258;179;588
985;259;174;589
1055;265;182;590
1068;283;177;591
1114;265;179;592
1133;268;180;593
1167;268;177;594
1160;271;178;595
1170;267;167;596
1209;273;155;597
1237;283;165;598
1290;290;158;599
1375;283;160;600
1442;276;158;601
1467;281;146;602
1505;271;134;603
1531;268;128;604
1588;268;128;605
1657;288;126;606
1694;280;121;607
1713;282;123;608
1781;299;124;609
1852;314;121;610
1894;337;116;611
1991;351;113;612
2040;351;119;613
2053;367;131;614
2015;392;128;615
2013;404;122;616
2005;416;120;617
2008;439;117;618
2042;447;132;619
2017;491;125;620
2040;553;136;621
2063;583;134;622
2059;590;131;623
2057;612;135;624
2022;655;144;625
2014;653;164;626
1986;685;163;627
1999;724;164;628
1983;733;180;629
1958;756;182;630
2048;775;212;631
2062;811;223;632
2078;816;236;633
2100;806;260;634
2075;803;264;635
2070;793;274;636
2095;776;280;637
2145;785;289;638
2116;817;293;639
2125;803;316;640
2124;804;324;641
2125;817;334;642
2116;834;361;643
2097;808;373;644
2074;823;371;645
2051;818;374;646
2087;823;372;647
2135;822;370;648
2129;787;399;649
2171;790;414;650
2120;801;434;651
2080;812;440;652
2097;822;449;653
2031;812;448;654
1978;850;476;655
1953;876;498;656
1939;870;519;657
1939;853;507;658
1949;851;502;659
1929;858;499;660
1883;870;515;661
1847;886;508;662
1808;875;528;663
1767;906;531;664
1709;904;537;665
1704;929;531;666
1674;962;538;667
1648;948;553;668
1584;964;550;669
1558;945;533;670
1577;943;534;671
1554;950;530;672
1554;946;532;673
1510;951;539;674
1522;928;544;675
1537;925;548;676
1491;905;528;677
1439;921;516;678
1387;896;520;679
1389;878;505;680
1357;860;499;681
1374;844;492;682
1361;859;482;683
1386;848;497;684
1355;855;504;685
1368;842;500;686
1360;859;491;687
1347;852;475;688
1339;856;477;689
1339;867;470;690
1327;869;469;691
1326;858;457;692
1332;871;456;693
1308;849;463;694
1289;858;462;695
1286;866;471;696
1282;848;465;697
1263;838;455;698
1291;857;469;699
1325;863;479;700
1309;890;474;701
1296;879;478;702
1288;901;470;703
1317;909;470;704
1310;904;468;705
1329;884;486;706
1360;896;485;707
1366;899;484;708
1400;877;467;709
1396;861;459;710
1381;855;467;711
1398;832;464;712
1383;839;468;713
1434;812;468;714
1413;810;477;715
1432;784;473;716
1441;776;455;717
1478;781;452;718
1392;779;453;719
1395;788;457;720
1388;772;452;721
1444;752;436;722
1429;762;433;723
1469;750;427;724
1442;737;420;725
1441;737;415;726
1432;768;427;727
1430;785;425;728
1449;773;413;729
1449;769;441;730
1469;790;445;731
1468;783;460;732
1483;808;467;733
1490;809;469;734
1463;807;454;735
1440;811;454;736
1415;805;451;737
1423;808;480;738
1422;828;497;739
1414;834;505;740
1395;862;508;741
1420;861;516;742
1445;858;531;743
1443;863;550;744
1430;852;557;745
1442;810;549;746
1429;789;586;747
1384;804;603;748
1415;837;601;749
1373;849;609;750
1351;843;604;751
1375;820;616;752
1359;832;631;753
1356;811;668;754
1311;784;670;755
1324;801;695;756
1346;783;710;757
1343;759;718;758
1323;728;758;759
1365;721;794;760
1372;712;787;761
1407;699;789;762
1431;693;805;763
1437;694;811;764
1429;686;841;765
1412;663;815;766
1412;639;841;767
1400;604;846;768
1389;614;852;769
1383;602;847;770
1386;588;846;771
1363;573;839;772
1332;565;835;773
1356;550;819;774
1320;514;807;775
1270;511;803;776
1260;501;812;777
1215;515;796;778
1205;516;794;779
1176;510;818;780
1153;500;802;781
1104;489;787;782
1072;476;814;783
1058;457;841;784
1021;436;837;785
997;416;841;786
1011;395;864;787
1009;372;864;788
969;362;890;789
914;359;895;790
931;333;907;791
907;319;891;792
900;317;902;793
929;315;890;794
980;293;902;795
991;270;889;796
944;268;908;797
973;256;907;798
1009;246;914;799
1028;234;929;800
1028;224;922;801
1070;231;908;802
1114;227;909;803
1132;220;908;804
1123;223;908;805
1158;224;912;806
1224;211;889;807
1274;210;897;808
1275;203;908;809
1300;194;894;810
1338;194;897;811
1360;189;883;812
1372;188;897;813
1391;192;897;814
1429;202;886;815
1438;193;877;816
1490;188;875;817
1553;193;894;818
1619;187;876;819
1641;186;876;820
1662;181;879;821
1659;192;865;822
1746;199;850;823
1716;206;836;824
1707;208;822;825
1750;213;801;826
1755;208;787;827
1813;207;805;828
1819;205;806;829
1861;220;803;830
1864;215;790;831
1858;219;786;832
1861;212;813;833
1858;226;840;834
1889;237;824;835
1869;240;816;836
1919;254;796;837
1959;252;801;838
1942;257;808;839
1956;274;813;840
1979;292;794;841
1954;285;806;842
1963;283;817;843
2008;303;835;844
2004;318;853;845
1977;310;845;846
1987;312;837;847
1986;336;840;848
1971;348;856;849
1954;342;868;850
1945;365;888;851
1940;390;896;852
1910;386;913;853
1884;395;970;854
1816;396;974;855
1746;438;983;856
1751;466;977;857
1751;464;1006;858
1698;480;1060;859
1600;483;1064;860
1541;500;1072;861
1514;507;1105;862
1508;524;1131;863
1513;544;1143;864
1442;549;1164;865
1379;545;1178;866
1354;552;1211;867
1327;555;1211;868
1270;543;1222;869
1229;545;1229;870
1165;550;1242;871
1096;555;1250;872
1057;545;1293;873
1047;570;1298;874
1055;585;1356;875
1000;594;1397;876
948;612;1395;877
938;597;1399;878
892;589;1403;879
881;571;1389;880
875;560;1345;881
877;550;1326;882
856;535;1302;883
860;532;1306;884
852;524;1284;885
838;498;1247;886
834;497;1215;887
837;481;1193;888
813;462;1150;889
829;452;1110;890
849;433;1088;891
868;413;1039;892
870;411;1015;893
874;409;966;894
913;405;938;895
915;403;906;896
900;405;840;897
890;394;823;898
902;384;783;899
923;384;757;900
950;395;746;901
969;391;717;902
983;384;673;903
985;389;661;904
980;390;636;905
1012;376;643;906
1030;367;626;907
1006;364;619;908
1040;367;598;909
1059;366;581;910
1065;359;565;911
1068;346;543;912
1118;343;536;913
1172;352;537;914
1187;349;542;915
1249;351;554;916
1289;350;553;917
1309;342;545;918
1300;350;530;919
1334;351;518;920
1430;360;520;921
1491;368;534;922
1500;357;542;923
1529;359;536;924
1550;364;535;925
1665;397;508;926
1683;392;511;927
1747;399;534;928
1822;396;546;929
1851;399;567;930
1896;406;571;931
1942;409;580;932
1978;399;598;933
1987;409;595;934
2029;425;611;935
2065;411;618;936
2012;432;648;937
2042;453;658;938
2081;451;704;939
2139;450;714;940
2180;467;725;941
2245;464;736;942
2201;473;761;943
2163;497;788;944
2193;521;813;945
2212;543;862;946
2177;550;866;947
2173;550;890;948
2148;558;919;949
2149;562;960;950
2129;556;978;951
2097;553;1009;952
2053;571;1061;953
2050;605;1094;954
1996;617;1117;955
1969;627;1145;956
1926;618;1157;957
1875;622;1184;958
1824;616;1186;959
1738;602;1197;960
1683;595;1212;961
1651;609;1247;962
1579;615;1305;963
1553;631;1302;964
1509;626;1354;965
1472;618;1363;966
1432;611;1421;967
1378;603;1479;968
1298;612;1497;969
1277;611;1499;970
1213;622;1491;971
1165;617;1513;972
1139;581;1507;973
1148;605;1544;974
1103;618;1537;975
1101;613;1521;976
1054;611;1513;977
1028;605;1497;978
965;613;1479;979
932;598;1457;980
879;570;1469;981
817;567;1456;982
806;565;1463;983
793;552;1448;984
791;560;1441;985
751;561;1412;986
752;563;1407;987
712;577;1412;988
701;565;1367;989
684;538;1321;990
686;543;1275;991
667;537;1230;992
611;525;1198;993
603;506;1143;994
600;493;1106;995
575;481;1070;996
577;489;1062;997
549;477;1064;998
552;482;1052;999
552;474;1024;1000
567;450;988;1001
562;425;916;1002
544;409;877;1003
544;384;852;1004
559;365;807;1005
587;345;761;1006
610;324;724;1007
590;302;696;1008
615;293;684;1009
626;265;662;1010
660;252;641;1011
691;237;597;1012
688;219;601;1013
695;210;571;1014
736;195;533;1015
749;173;508;1016
774;160;471;1017
821;138;481;1018
877;130;480;1019
911;125;455;1020
938;114;457;1021
1001;102;464;1022
1034;98;483;1023
1026;94;479;1024
1075;93;488;1025
1133;87;491;1026
1194;79;495;1027
1239;74;501;1028
1266;66;515;1029
1346;58;532;1030
1365;54;552;1031
1394;52;562;1032
1422;55;574;1033
1421;52;584;1034
1438;54;592;1035
1552;51;601;1036
1592;49;602;1037
1636;44;599;1038
1656;40;609;1039
1711;39;651;1040
1678;38;660;1041
1754;37;669;1042
1792;39;678;1043
1868;41;694;1044
1910;39;746;1045
1932;38;795;1046
1979;36;830;1047
1986;33;838;1048
2009;36;860;1049
2060;38;883;1050
2093;38;899;1051
2147;38;902;1052
2204;37;917;1053
2201;49;936;1054
2202;58;948;1055
2226;56;977;1056
2251;58;989;1057
2256;58;1012;1058
2229;75;996;1059
2212;76;1033;1060
2202;73;1024;1061
2220;79;1042;1062
2233;90;1059;1063
2218;91;1070;1064
2221;90;1047;1065
2228;88;1023;1066
2224;97;1044;1067
2248;106;1036;1068
2196;117;1040;1069
2157;134;1021;1070
2149;137;1008;1071
2146;141;994;1072
2099;145;997;1073
2017;147;1027;1074
2006;157;1031;1075
1936;162;1036;1076
1897;164;1022;1077
1803;163;1027;1078
1778;182;1026;1079
1737;194;1030;1080
1694;191;1045;1081
1666;189;1050;1082
1626;199;1039;1083
1576;204;1060;1084
1515;209;1059;1085
1487;207;1063;1086
1414;218;1090;1087
1392;219;1101;1088
1371;223;1149;1089
1347;232;1145;1090
1294;245;1166;1091
1271;254;1190;1092
1226;257;1190;1093
1181;257;1223;1094
1133;267;1214;1095
1128;271;1223;1096
1102;279;1198;1097
1104;283;1228;1098
1076;304;1242;1099
1093;299;1235;1100
1052;302;1214;1101
1072;306;1193;1102
1034;307;1230;1103
1060;323;1251;1104
1070;313;1250;1105
1066;308;1227;1106
1026;301;1212;1107
1061;303;1166;1108
1033;303;1153;1109
1025;308;1166;1110
1044;288;1146;1111
1048;302;1156;1112
1049;321;1170;1113
1045;304;1174;1114
1025;294;1151;1115
1056;299;1174;1116
1053;309;1154;1117
1040;299;1127;1118
1043;286;1108;1119
1040;281;1109;1120
1036;271;1094;1121
1013;269;1046;1122
1014;257;1013;1123
1097;254;999;1124
1120;252;989;1125
1121;248;956;1126
1175;244;956;1127
1177;254;945;1128
1185;248;912;1129
1213;247;878;1130
1197;251;826;1131
1231;248;789;1132
1269;251;770;1133
1284;238;727;1134
1309;229;720;1135
1324;222;709;1136
1380;226;681;1137
1406;221;676;1138
1401;221;666;1139
1432;203;640;1140
1482;202;639;1141
1547;206;634;1142
1548;204;618;1143
1595;221;633;1144
1621;225;639;1145
1643;219;673;1146
1697;221;666;1147
1758;229;660;1148
1770;232;660;1149
1806;221;662;1150
1864;217;680;1151
1896;212;704;1152
1935;210;713;1153
1975;209;704;1154
2037;207;703;1155
2023;199;709;1156
2054;224;766;1157
2067;232;782;1158
2092;225;785;1159
2128;231;793;1160
2135;234;836;1161
2174;235;842;1162
2157;229;900;1163
2128;222;940;1164
2113;231;965;1165
2141;224;1020;1166
2084;219;1035;1167
2076;218;1079;1168
2047;228;1115;1169
2040;229;1191;1170
2058;245;1219;1171
1995;266;1229;1172
1954;265;1243;1173
1946;277;1290;1174
1929;267;1329;1175
1875;264;1335;1176
1809;265;1381;1177
1758;269;1415;1178
1747;256;1443;1179
1696;266;1473;1180
1649;273;1511;1181
1627;272;1516;1182
1620;268;1537;1183
1576;261;1564;1184
1535;247;1576;1185
1481;235;1581;1186
1449;228;1581;1187
1388;235;1611;1188
1383;244;1621;1189
1344;241;1626;1190
1303;238;1640;1191
1267;225;1657;1192
1272;224;1663;1193
1232;220;1686;1194
1177;226;1693;1195
1112;220;1673;1196
1096;218;1665;1197
1043;226;1649;1198
979;219;1616;1199
968;209;1629;1200
968;203;1638;1201
932;210;1652;1202
936;205;1645;1203
895;215;1645;1204
859;216;1623;1205
836;214;1611;1206
799;224;1599;1207
765;221;1572;1208
769;217;1555;1209
761;216;1518;1210
735;216;1494;1211
727;218;1442;1212
721;220;1409;1213
691;223;1381;1214
650;219;1332;1215
645;223;1288;1216
649;216;1231;1217
652;225;1241;1218
649;237;1191;1219
638;234;1144;1220
639;225;1056;1221
628;223;1016;1222
633;226;994;1223
617;224;987;1224
610;211;956;1225
598;189;940;1226
626;185;911;1227
632;197;870;1228
650;195;851;1229
672;201;817;1230
675;190;796;1231
691;181;778;1232
706;176;779;1233
708;169;751;1234
733;171;735;1235
724;165;716;1236
753;151;681;1237
777;153;655;1238
806;146;650;1239
831;147;663;1240
893;147;652;1241
922;140;653;1242
950;137;636;1243
960;140;616;1244
954;142;602;1245
980;142;580;1246
988;127;589;1247
1046;131;598;1248
1070;123;603;1249
1131;129;592;1250
1168;127;586;1251
1209;122;567;1252
1223;119;575;1253
1247;122;564;1254
1268;123;556;1255
1292;121;564;1256
1362;115;599;1257
1381;116;631;1258
1397;115;619;1259
1468;120;640;1260
1528;123;630;1261
1630;117;647;1262
1659;117;653;1263
1702;115;649;1264
1735;107;667;1265
1760;104;672;1266
1813;101;692;1267
1819;108;707;1268
1845;101;705;1269
1906;98;707;1270
1947;96;731;1271
2057;92;751;1272
2110;87;777;1273
2132;85;798;1274
2176;86;803;1275
2220;87;819;1276
2242;81;833;1277
2285;81;876;1278
2296;75;863;1279
2363;78;910;1280
2417;82;950;1281
2462;72;1016;1282
2471;71;1069;1283
2507;65;1059;1284
2507;65;1058;1285
2451;68;1076;1286
2374;58;1106;1287
2390;56;1158;1288
2363;55;1186;1289
2305;54;1212;1290
2271;51;1253;1291
2125;56;1337;1292
2055;53;1367;1293
2038;53;1388;1294
2025;49;1398;1295
1946;48;1421;1296
1810;48;1512;1297
1720;46;1540;1298
1628;47;1574;1299
1535;49;1593;1300
1456;47;1620;1301
1417;47;1636;1302
1375;63;1703;1303
1349;61;1730;1304
1306;61;1725;1305
1246;57;1750;1306
1202;54;1788;1307
1175;51;1782;1308
1138;54;1777;1309
1095;55;1825;1310
1030;51;1827;1311
979;50;1838;1312
904;48;1883;1313
855;45;1902;1314
816;46;1897;1315
814;57;1930;1316
802;57;1937;1317
769;56;1936;1318
748;54;1927;1319
748;50;1885;1320
725;60;1858;1321
722;60;1809;1322
732;64;1748;1323
741;62;1690;1324
743;65;1635;1325
788;62;1573;1326
778;59;1530;1327
758;56;1457;1328
783;57;1371;1329
788;52;1273;1330
819;45;1203;1331
833;44;1143;1332
861;47;1087;1333
860;47;1018;1334
865;42;924;1335
894;40;882;1336
896;40;821;1337
915;39;765;1338
905;38;729;1339
949;37;715;1340
964;36;679;1341
957;32;654;1342
1009;29;637;1343
1038;25;626;1344
1069;29;615;1345
1074;29;573;1346
1080;33;571;1347
1086;32;565;1348
1145;29;589;1349
1165;29;598;1350
1164;29;600;1351
1186;29;602;1352
1240;28;637;1353
1276;30;658;1354
1275;33;667;1355
1288;30;672;1356
1320;29;673;1357
1359;30;698;1358
1362;28;729;1359
1392;33;738;1360
1400;32;738;1361
1448;33;742;1362
1459;30;778;1363
1519;28;813;1364
1552;28;850;1365
1585;26;877;1366
1594;24;908;1367
1668;23;925;1368
1706;23;943;1369
1747;23;985;1370
1762;23;987;1371
1778;21;985;1372
1792;20;1034;1373
1770;17;1044;1374
1757;16;1064;1375
1761;14;1100;1376
1718;16;1125;1377
1726;16;1140;1378
1730;14;1151;1379
1705;14;1172;1380
1701;16;1171;1381
1753;14;1190;1382
1767;13;1215;1383
1721;13;1219;1384
1712;12;1246;1385
1655;16;1266;1386
1637;16;1314;1387
1607;14;1341;1388
1550;10;1350;1389
1578;10;1382;1390
1546;10;1421;1391
1538;10;1428;1392
1594;10;1449;1393
1570;9;1438;1394
1576;9;1452;1395
1583;9;1487;1396
1553;9;1475;1397
1518;9;1489;1398
1524;9;1483;1399
1495;11;1472;1400
1453;15;1445;1401
1407;15;1444;1402
1349;13;1417;1403
1330;13;1372;1404
1277;12;1402;1405
1286;12;1405;1406
1230;10;1381;1407
1168;16;1382;1408
1141;15;1321;1409
1089;15;1275;1410
1037;15;1230;1411
1064;15;1217;1412
1045;13;1205;1413
1018;21;1146;1414
996;20;1155;1415
1011;20;1144;1416
984;19;1086;1417
966;19;1052;1418
940;19;1045;1419
929;19;1047;1420
937;19;1039;1421
918;24;1044;1422
920;24;1042;1423
939;24;989;1424
944;23;969;1425
937;23;973;1426
972;20;947;1427
975;18;969;1428
999;16;964;1429
1028;19;970;1430
1030;24;947;1431
1006;23;921;1432
1033;25;910;1433
1032;29;910;1434
1063;31;900;1435
1083;28;918;1436
1114;27;961;1437
1134;25;946;1438
1141;24;950;1439
1113;24;925;1440
1143;23;935;1441
1178;23;941;1442
1232;25;958;1443
1266;24;979;1444
1274;23;986;1445
1307;22;981;1446
1332;20;1012;1447
1333;20;1031;1448
1362;19;1036;1449
1373;14;1063;1450
1411;14;1096;1451
1453;14;1104;1452
1433;13;1145;1453
1436;13;1182;1454
1451;13;1216;1455
1452;13;1199;1456
1481;11;1218;1457
1533;10;1240;1458
1533;8;1261;1459
1542;8;1286;1460
1515;5;1308;1461
1523;4;1312;1462
1554;3;1325;1463
1539;2;1322;1464
1491;2;1372;1465
1517;2;1428;1466
1523;2;1458;1467
1503;2;1527;1468
1530;2;1542;1469
1515;1;1579;1470
1523;0;1631;1471
1527;0;1665;1472
1524;0;1698;1473
1504;0;1702;1474
1463;0;1693;1475
1498;0;1692;1476
1460;0;1700;1477
1425;0;1697;1478
1411;0;1729;1479
1367;0;1727;1480
1345;0;1731;1481
1301;0;1745;1482
1315;0;1751;1483
1272;0;1772;1484
1243;0;1752;1485
1234;0;1738;1486
1170;0;1752;1487
1108;0;1745;1488
1073;0;1710;1489
1053;0;1676;1490
1021;0;1665;1491
992;0;1640;1492
961;0;1637;1493
972;0;1613;1494
921;0;1583;1495
906;0;1594;1496
876;0;1584;1497
857;0;1547;1498
829;0;1493;1499
811;0;1461;1500
792;0;1458;1501
783;0;1429;1502
766;0;1386;1503
776;0;1356;1504
765;0;1373;1505
744;0;1354;1506
750;0;1327;1507
739;0;1306;1508
725;0;1302;1509
734;0;1253;1510
719;0;1199;1511
756;0;1156;1512
752;0;1145;1513
766;0;1114;1514
754;0;1110;1515
756;0;1085;1516
762;0;1058;1517
756;0;1030;1518
766;0;998;1519
785;0;979;1520
789;0;970;1521
781;0;979;1522
814;0;950;1523
834;0;950;1524
854;0;937;1525
869;0;912;1526
889;0;911;1527
943;0;876;1528
964;0;867;1529
990;0;857;1530
985;0;872;1531
1040;0;867;1532
1133;0;836;1533
1151;0;797;1534
1216;0;780;1535
1243;0;790;1536
1249;0;778;1537
1232;0;785;1538
1283;0;792;1539
1311;0;798;1540
1365;0;789;1541
1417;0;802;1542
1445;0;788;1543
1486;0;803;1544
1550;0;836;1545
1597;0;865;1546
1662;0;859;1547
1699;0;878;1548
1736;0;884;1549
1800;0;873;1550
1839;0;878;1551
1860;0;892;1552
1879;0;895;1553
1917;0;904;1554
1971;0;905;1555
2007;0;933;1556
2056;0;934;1557
2127;0;923;1558
2213;0;923;1559
2234;0;932;1560
2269;0;979;1561
2348;0;1010;1562
2355;0;1038;1563
2385;0;1034;1564
2382;0;1059;1565
2398;0;1111;1566
2410;0;1129;1567
2388;0;1152;1568
2341;0;1173;1569
2346;0;1200;1570
2283;0;1241;1571
2281;0;1264;1572
2262;0;1263;1573
2202;0;1302;1574
2125;0;1368;1575
2098;0;1437;1576
1984;0;1479;1577
1901;0;1515;1578
1786;0;1560;1579
1761;0;1614;1580
1746;0;1690;1581
1708;0;1724;1582
1642;0;1802;1583
1579;0;1847;1584
1565;0;1914;1585
1511;0;1978;1586
1449;0;2044;1587
1356;0;2090;1588
1301;0;2110;1589
1239;0;2156;1590
1206;0;2258;1591
1159;0;2287;1592
1090;0;2353;1593
1042;0;2373;1594
973;0;2369;1595
942;0;2399;1596
886;0;2433;1597
833;0;2433;1598
822;0;2472;1599
744;0;2465;1600
689;0;2438;1601
660;0;2382;1602
612;0;2350;1603
554;0;2360;1604
532;0;2354;1605
473;0;2349;1606
448;0;2290;1607
420;0;2264;1608
377;0;2226;1609
356;0;2170;1610
341;0;2152;1611
322;0;2081;1612
290;0;2013;1613
272;0;1960;1614
252;0;1869;1615
235;0;1819;1616
215;0;1754;1617
194;0;1655;1618
176;0;1555;1619
173;0;1488;1620
168;0;1443;1621
166;0;1345;1622
158;0;1242;1623
154;0;1165;1624
151;0;1080;1625
144;0;994;1626
134;0;933;1627
148;0;837;1628
146;0;789;1629
139;0;706;1630
142;0;626;1631
134;0;575;1632
134;0;520;1633
145;0;479;1634
155;0;428;1635
153;0;379;1636
168;0;335;1637
168;0;298;1638
181;0;257;1639
198;0;206;1640
212;0;203;1641
214;0;184;1642
220;0;155;1643
228;0;128;1644
248;0;116;1645
275;0;109;1646
289;0;109;1647
300;0;104;1648
338;0;91;1649
364;0;88;1650
372;0;77;1651
399;0;66;1652
410;0;62;1653
433;0;63;1654
467;0;61;1655
490;0;51;1656
530;0;51;1657
542;0;57;1658
587;0;56;1659
611;0;55;1660
661;0;55;1661
706;0;52;1662
726;0;56;1663
789;0;53;1664
832;0;49;1665
866;0;48;1666
909;0;52;1667
943;0;48;1668
1043;0;48;1669
1143;0;49;1670
1195;0;49;1671
1222;0;51;1672
1310;0;45;1673
1399;0;52;1674
1481;0;54;1675
1549;0;53;1676
1590;0;51;1677
1680;0;57;1678
1716;0;57;1679
1704;0;58;1680
1757;0;57;1681
1805;0;77;1682
1851;0;82;1683
1885;0;84;1684
1868;0;92;1685
1896;0;89;1686
1948;0;89;1687
1973;0;103;1688
1968;0;113;1689
1978;0;114;1690
2007;0;116;1691
2040;0;119;1692
1988;0;122;1693
1953;0;128;1694
2009;0;132;1695
2044;0;151;1696
2077;0;148;1697
2116;0;160;1698
2084;0;171;1699
2115;0;176;1700
2180;0;183;1701
2253;0;183;1702
2242;0;183;1703
2206;0;186;1704
2228;0;192;1705
2172;0;202;1706
2131;0;208;1707
2168;0;209;1708
2156;0;218;1709
2149;0;209;1710
2138;0;225;1711
2121;0;233;1712
2083;0;229;1713
2104;0;235;1714
2103;0;246;1715
2057;0;242;1716
2034;0;247;1717
2088;0;245;1718
2123;0;248;1719
2111;0;255;1720
2033;0;268;1721
2031;0;275;1722
2001;0;282;1723
1992;0;314;1724
1987;0;325;1725
1960;0;319;1726
1968;0;319;1727
1989;0;325;1728
1993;0;348;1729
1977;0;350;1730
1968;0;360;1731
1975;0;381;1732
1975;0;390;1733
1965;0;392;1734
1971;0;395;1735
2008;0;394;1736
2013;0;395;1737
2006;0;397;1738
2063;0;400;1739
2059;0;420;1740
2082;0;439;1741
2073;0;441;1742
2064;0;428;1743
2086;0;428;1744
2101;0;460;1745
2062;0;478;1746
2068;0;497;1747
2081;0;489;1748
2023;0;520;1749
2028;0;524;1750
2028;0;512;1751
2020;0;509;1752
2022;0;511;1753
1977;0;499;1754
1940;0;498;1755
1944;0;512;1756
1870;0;525;1757
1839;0;570;1758
1849;0;580;1759
1854;0;568;1760
1819;0;549;1761
1820;0;548;1762
1826;0;588;1763
1803;0;584;1764
1776;0;604;1765
1747;0;598;1766
1767;0;596;1767
1755;0;634;1768
1738;0;624;1769
1750;0;650;1770
1745;0;652;1771
1707;0;657;1772
1723;0;668;1773
1663;0;668;1774
1701;0;669;1775
1698;0;649;1776
1674;0;621;1777
1652;0;615;1778
1658;0;607;1779
1688;0;600;1780
1697;0;634;1781
1693;0;624;1782
1689;0;629;1783
1678;0;637;1784
1676;0;640;1785
1683;0;639;1786
1637;0;648;1787
1647;0;660;1788
1651;0;656;1789
1653;0;668;1790
1703;0;677;1791
1719;0;672;1792
1743;0;723;1793
1751;0;726;1794
1720;0;708;1795
1743;0;704;1796
1717;0;716;1797
1697;0;729;1798
1748;0;736;1799
1783;0;733;1800
1807;0;726;1801
1823;0;745;1802
1856;0;772;1803
1852;0;783;1804
1921;0;797;1805
1920;0;797;1806
1957;0;836;1807
1994;0;855;1808
2022;0;885;1809
2021;0;891;1810
2047;0;923;1811
2041;0;959;1812
2025;0;967;1813
2078;0;960;1814
2056;0;989;1815
2068;0;1004;1816
2059;0;1042;1817
2071;0;1047;1818
2042;0;1055;1819
1974;0;1079;1820
1936;0;1106;1821
1910;0;1160;1822
1854;0;1197;1823
1807;0;1212;1824
1788;0;1265;1825
1715;0;1304;1826
1631;0;1327;1827
1592;0;1314;1828
1550;0;1317;1829
1478;0;1359;1830
1413;0;1361;1831
1385;0;1399;1832
1381;0;1393;1833
1347;0;1418;1834
1306;0;1420;1835
1278;0;1416;1836
1256;0;1417;1837
1226;0;1390;1838
1234;0;1369;1839
1236;0;1359;1840
1195;0;1335;1841
1159;0;1304;1842
1115;0;1278;1843
1076;0;1256;1844
1025;0;1208;1845
1003;0;1174;1846
973;0;1151;1847
956;0;1104;1848
936;0;1046;1849
912;0;1013;1850
875;0;988;1851
835;0;970;1852
801;0;910;1853
778;0;846;1854
727;0;825;1855
739;0;809;1856
753;0;782;1857
744;0;743;1858
731;0;691;1859
729;0;663;1860
766;0;638;1861
767;0;603;1862
772;0;570;1863
797;0;547;1864
814;0;520;1865
824;0;503;1866
833;0;482;1867
840;0;461;1868
906;0;461;1869
948;0;431;1870
1003;0;397;1871
1048;0;376;1872
1048;0;367;1873
1042;0;344;1874
1059;0;334;1875
1066;0;315;1876
1122;0;303;1877
1145;0;295;1878
1195;0;297;1879
1254;0;286;1880
1298;0;295;1881
1285;0;286;1882
1328;0;280;1883
1341;0;262;1884
1337;0;271;1885
1345;0;280;1886
1331;0;272;1887
1364;0;267;1888
1394;0;267;1889
1427;0;276;1890
1411;0;280;1891
1354;0;292;1892
1338;0;290;1893
1335;0;293;1894
1326;0;297;1895
1352;0;299;1896
1373;0;297;1897
1346;0;311;1898
1350;0;312;1899
1370;0;319;1900
1341;0;328;1901
1351;0;319;1902
1338;0;333;1903
1296;0;335;1904
1336;0;338;1905
1326;0;347;1906
1356;0;366;1907
1385;0;380;1908
1424;0;376;1909
1442;0;374;1910
1437;0;385;1911
1453;0;409;1912
1484;0;431;1913
1503;0;448;1914
1528;0;479;1915
1540;0;491;1916
1516;0;516;1917
1508;0;541;1918
1542;0;552;1919
1566;0;556;1920
1601;0;583;1921
1581;0;591;1922
1566;0;616;1923
1569;0;644;1924
1566;0;653;1925
1608;0;660;1926
1612;0;694;1927
1587;0;710;1928
1600;0;762;1929
1604;0;806;1930
1613;0;843;1931
1660;0;864;1932
1637;0;901;1933
1645;0;914;1934
1677;0;922;1935
1698;0;960;1936
1746;0;976;1937
1704;0;997;1938
1732;0;1055;1939
1719;0;1108;1940
1751;0;1116;1941
1775;0;1130;1942
1758;0;1142;1943
1781;0;1165;1944
1765;0;1198;1945
1749;0;1213;1946
1761;0;1277;1947
1749;0;1293;1948
1735;0;1324;1949
1723;0;1370;1950
1719;0;1403;1951
1663;0;1441;1952
1609;0;1495;1953
1561;0;1513;1954
1548;0;1525;1955
1507;0;1540;1956
1487;0;1609;1957
1478;0;1602;1958
1493;0;1609;1959
1492;0;1642;1960
1491;0;1662;1961
1480;0;1704;1962
1471;0;1715;1963
1462;0;1705;1964
1455;0;1691;1965
1390;0;1684;1966
1370;0;1664;1967
1354;0;1646;1968
1377;0;1635;1969
1382;0;1681;1970
1395;0;1715;1971
1387;0;1664;1972
1370;0;1638;1973
1389;0;1612;1974
1336;0;1601;1975
1339;0;1564;1976
1352;0;1539;1977
1332;0;1502;1978
1300;0;1492;1979
1289;0;1481;1980
1291;0;1467;1981
1288;0;1463;1982
1296;0;1422;1983
1256;0;1423;1984
1239;0;1424;1985
1240;0;1459;1986
1212;0;1433;1987
1214;0;1395;1988
1195;0;1380;1989
1165;0;1363;1990
1147;0;1362;1991
1151;0;1374;1992
1163;0;1372;1993
1112;0;1393;1994
1083;0;1365;1995
1050;0;1361;1996
1052;0;1364;1997
1026;0;1330;1998
996;0;1280;1999
