prey;predator;iteration
380;90;0
373;90;1
366;90;2
363;90;3
361;90;4
361;90;5
364;94;6
405;96;7
456;96;8
491;96;9
503;111;10
552;112;11
574;113;12
596;112;13
614;118;14
624;118;15
647;130;16
676;112;17
687;106;18
697;103;19
709;127;20
723;130;21
739;138;22
783;137;23
815;132;24
835;128;25
877;135;26
923;136;27
951;131;28
1021;128;29
1054;128;30
1104;127;31
1138;126;32
1229;135;33
1278;128;34
1340;124;35
1376;124;36
1399;131;37
1432;124;38
1476;134;39
1538;135;40
1557;140;41
1645;138;42
1679;154;43
1755;169;44
1824;165;45
1887;174;46
1928;176;47
1992;189;48
2019;188;49
2034;188;50
2055;199;51
2089;202;52
2110;201;53
2209;217;54
2291;219;55
2327;230;56
2388;237;57
2425;248;58
2434;269;59
2483;279;60
2494;286;61
2490;297;62
2514;300;63
2525;311;64
2505;346;65
2521;370;66
2532;371;67
2548;383;68
2596;400;69
2581;403;70
2555;414;71
2594;410;72
2599;427;73
2610;439;74
2595;461;75
2607;485;76
2659;497;77
2631;519;78
2640;519;79
2625;525;80
2601;557;81
2560;588;82
2537;573;83
2514;568;84
2470;598;85
2448;601;86
2436;598;87
2381;625;88
2310;630;89
2226;659;90
2211;666;91
2159;659;92
2073;668;93
2003;691;94
1939;691;95
1867;686;96
1798;726;97
1741;767;98
1660;791;99
1594;792;100
1547;807;101
1476;839;102
1415;835;103
1409;842;104
1376;865;105
1315;893;106
1237;909;107
1128;897;108
1075;892;109
1043;898;110
987;943;111
956;937;112
887;946;113
813;927;114
784;913;115
727;919;116
653;907;117
632;911;118
592;921;119
542;883;120
517;868;121
518;852;122
477;812;123
496;758;124
464;747;125
449;726;126
447;689;127
416;678;128
398;632;129
383;607;130
360;582;131
350;555;132
339;546;133
334;511;134
339;487;135
368;456;136
365;419;137
350;393;138
348;366;139
337;346;140
345;345;141
353;330;142
343;306;143
345;288;144
355;290;145
356;281;146
351;278;147
350;273;148
349;258;149
353;259;150
361;252;151
359;237;152
367;232;153
360;231;154
377;223;155
380;227;156
384;230;157
387;223;158
409;222;159
410;213;160
404;223;161
416;216;162
420;202;163
409;194;164
427;183;165
435;183;166
445;191;167
453;191;168
476;182;169
495;178;170
503;158;171
534;150;172
549;151;173
548;145;174
567;132;175
573;143;176
593;139;177
606;137;178
634;122;179
639;119;180
657;117;181
687;112;182
714;109;183
747;100;184
794;102;185
813;91;186
831;86;187
826;89;188
841;87;189
876;97;190
864;98;191
886;98;192
934;99;193
950;109;194
981;106;195
977;102;196
983;102;197
1037;101;198
1062;95;199
1107;95;200
1128;104;201
1170;103;202
1233;107;203
1245;113;204
1255;117;205
1290;117;206
1298;131;207
1338;136;208
1342;140;209
1381;135;210
1429;140;211
1462;133;212
1487;132;213
1521;134;214
1537;143;215
1544;154;216
1570;144;217
1632;147;218
1638;147;219
1657;155;220
1659;154;221
1683;153;222
1726;163;223
1775;168;224
1834;162;225
1890;170;226
1926;184;227
1988;184;228
1995;176;229
2066;188;230
2131;197;231
2179;201;232
2237;213;233
2312;217;234
2363;227;235
2433;233;236
2506;253;237
2514;262;238
2566;271;239
2584;301;240
2592;301;241
2664;303;242
2677;310;243
2721;307;244
2802;306;245
2807;328;246
2810;336;247
2821;350;248
2832;358;249
2767;363;250
2749;376;251
2810;380;252
2843;371;253
2884;381;254
2878;403;255
2848;393;256
2808;403;257
2818;392;258
2743;403;259
2720;422;260
2679;440;261
2622;461;262
2572;473;263
2501;470;264
2451;505;265
2418;510;266
2404;520;267
2321;544;268
2258;552;269
2168;584;270
2149;607;271
2120;615;272
2049;610;273
1966;648;274
1919;665;275
1869;670;276
1827;681;277
1782;688;278
1755;688;279
1730;700;280
1678;712;281
1601;715;282
1514;719;283
1455;730;284
1407;746;285
1349;755;286
1276;758;287
1194;768;288
1158;742;289
1135;732;290
1110;739;291
1087;723;292
1036;726;293
954;730;294
902;717;295
882;687;296
844;666;297
809;631;298
795;619;299
758;616;300
721;584;301
694;571;302
688;562;303
694;553;304
710;546;305
705;523;306
674;511;307
677;510;308
651;502;309
643;484;310
632;453;311
638;440;312
631;429;313
637;444;314
621;446;315
604;427;316
602;408;317
582;378;318
569;374;319
536;365;320
529;364;321
516;347;322
487;340;323
461;319;324
448;318;325
434;311;326
410;287;327
356;291;328
334;277;329
332;282;330
303;276;331
289;282;332
291;275;333
275;278;334
270;285;335
260;288;336
247;272;337
242;267;338
252;246;339
244;251;340
249;245;341
248;241;342
236;230;343
233;221;344
222;214;345
213;210;346
223;217;347
230;211;348
241;206;349
233;192;350
237;198;351
240;194;352
239;188;353
237;185;354
252;173;355
249;168;356
260;166;357
264;154;358
265;143;359
265;142;360
276;133;361
269;124;362
275;117;363
278;110;364
307;101;365
328;94;366
346;85;367
368;82;368
359;71;369
374;62;370
380;54;371
406;51;372
451;53;373
468;50;374
483;45;375
499;41;376
536;39;377
537;35;378
580;33;379
598;29;380
625;25;381
661;24;382
701;20;383
729;28;384
754;29;385
794;26;386
830;26;387
879;26;388
999;24;389
1064;23;390
1130;19;391
1185;24;392
1259;26;393
1321;26;394
1375;25;395
1440;25;396
1541;30;397
1608;30;398
1733;31;399
1860;31;400
1930;33;401
2047;26;402
2122;27;403
2154;29;404
2255;30;405
2315;28;406
2377;29;407
2502;28;408
2536;32;409
2624;31;410
2701;31;411
2766;33;412
2825;32;413
2917;37;414
2985;40;415
3072;44;416
3130;44;417
3202;44;418
3272;40;419
3377;42;420
3497;41;421
3619;40;422
3725;39;423
3804;44;424
3916;51;425
3929;53;426
4008;58;427
4079;61;428
4197;65;429
4267;68;430
4320;76;431
4399;87;432
4466;88;433
4521;104;434
4587;104;435
4709;118;436
4705;118;437
4714;130;438
4749;134;439
4857;143;440
4870;145;441
4939;146;442
5016;165;443
5001;175;444
4977;179;445
4962;184;446
4917;207;447
4879;230;448
4854;233;449
4882;250;450
4921;261;451
4869;275;452
4798;285;453
4798;294;454
4734;317;455
4591;368;456
4523;386;457
4385;389;458
4269;410;459
4190;434;460
4117;434;461
3974;461;462
3950;472;463
3882;493;464
3827;507;465
3708;517;466
3562;533;467
3451;542;468
3354;562;469
3245;559;470
3155;566;471
3094;603;472
3006;601;473
3001;623;474
2949;616;475
2860;622;476
2821;630;477
2776;618;478
2698;639;479
2642;647;480
2584;635;481
2539;634;482
2561;616;483
2537;636;484
2512;643;485
2438;661;486
2385;657;487
2322;663;488
2334;670;489
2276;649;490
2237;652;491
2232;635;492
2228;647;493
2214;666;494
2179;675;495
2116;661;496
2071;674;497
2060;685;498
2023;695;499
2029;701;500
2014;723;501
2008;715;502
2018;731;503
2014;718;504
1950;724;505
1912;721;506
1886;727;507
1813;732;508
1762;724;509
1716;714;510
1646;710;511
1582;717;512
1552;727;513
1509;740;514
1517;726;515
1477;723;516
1405;727;517
1369;730;518
1285;707;519
1222;707;520
1183;679;521
1175;698;522
1149;708;523
1125;703;524
1086;680;525
1074;664;526
1058;683;527
1032;665;528
1002;666;529
990;638;530
951;634;531
929;607;532
905;591;533
905;568;534
905;587;535
895;608;536
864;602;537
854;590;538
846;595;539
849;564;540
839;569;541
828;568;542
784;562;543
758;542;544
730;491;545
709;488;546
679;466;547
670;470;548
640;453;549
622;456;550
618;446;551
615;444;552
607;440;553
588;437;554
602;437;555
586;430;556
583;414;557
566;416;558
555;395;559
536;375;560
528;373;561
506;361;562
501;364;563
497;355;564
483;354;565
477;336;566
463;324;567
458;315;568
468;319;569
476;315;570
457;295;571
461;281;572
451;276;573
464;283;574
477;278;575
509;275;576
497;277;577
500;285;578
522;272;579
516;259;580
534;251;581
578;235;582
587;221;583
612;216;584
632;215;585
637;213;586
676;194;587
714;191;588
732;190;589
729;181;590
755;172;591
749;168;592
791;164;593
832;166;594
852;162;595
888;155;596
911;160;597
903;166;598
923;168;599
938;172;600
957;157;601
994;158;602
996;164;603
1045;168;604
1035;177;605
1037;173;606
1057;177;607
1079;191;608
1111;197;609
1126;207;610
1140;220;611
1143;218;612
1165;229;613
1175;233;614
1179;245;615
1215;263;616
1233;280;617
1220;286;618
1290;290;619
1272;307;620
1274;308;621
1309;306;622
1291;328;623
1287;344;624
1237;358;625
1231;370;626
1228;378;627
1226;390;628
1217;407;629
1211;421;630
1239;425;631
1241;421;632
1228;436;633
1244;453;634
1201;432;635
1193;423;636
1202;439;637
1182;430;638
1176;433;639
1155;426;640
1134;421;641
1102;422;642
1112;426;643
1115;426;644
1104;432;645
1138;422;646
1136;423;647
1111;424;648
1127;439;649
1121;430;650
1123;421;651
1091;425;652
1070;440;653
1108;453;654
1103;437;655
1121;454;656
1136;445;657
1162;472;658
1128;469;659
1115;454;660
1133;448;661
1153;445;662
1164;456;663
1157;446;664
1171;446;665
1179;439;666
1168;414;667
1189;408;668
1269;415;669
1259;411;670
1293;409;671
1294;413;672
1335;405;673
1363;403;674
1427;401;675
1436;407;676
1459;428;677
1492;432;678
1504;433;679
1535;419;680
1568;408;681
1591;439;682
1618;442;683
1615;432;684
1575;431;685
1553;452;686
1544;457;687
1553;455;688
1580;462;689
1559;449;690
1495;470;691
1491;475;692
1519;477;693
1474;467;694
1420;476;695
1396;478;696
1328;496;697
1277;521;698
1216;535;699
1165;522;700
1155;542;701
1141;549;702
1100;537;703
1079;557;704
1073;550;705
1054;551;706
1025;569;707
992;594;708
920;585;709
894;578;710
858;596;711
831;616;712
782;615;713
774;616;714
755;613;715
734;597;716
717;565;717
694;565;718
668;554;719
617;547;720
560;552;721
511;539;722
494;555;723
474;552;724
458;536;725
440;522;726
444;538;727
434;521;728
418;507;729
412;476;730
398;454;731
389;439;732
388;420;733
396;401;734
398;414;735
393;389;736
377;372;737
375;365;738
370;348;739
382;326;740
402;312;741
419;304;742
427;287;743
397;276;744
392;257;745
397;252;746
391;262;747
390;254;748
382;245;749
391;232;750
405;227;751
430;233;752
430;216;753
406;203;754
407;193;755
425;198;756
443;191;757
457;199;758
444;182;759
468;169;760
505;162;761
529;160;762
564;156;763
569;148;764
571;140;765
620;140;766
627;141;767
637;131;768
653;125;769
702;124;770
757;117;771
793;128;772
813;129;773
840;120;774
893;114;775
934;104;776
962;104;777
976;110;778
961;108;779
984;108;780
982;111;781
984;114;782
998;103;783
1027;99;784
1044;94;785
1076;98;786
1090;96;787
1116;90;788
1115;94;789
1123;85;790
1159;79;791
1159;82;792
1184;95;793
1188;100;794
1190;101;795
1215;98;796
1235;113;797
1246;126;798
1269;127;799
1264;142;800
1277;149;801
1292;163;802
1314;166;803
1315;187;804
1342;187;805
1368;198;806
1364;196;807
1438;196;808
1440;200;809
1442;205;810
1455;202;811
1454;227;812
1471;230;813
1468;241;814
1511;249;815
1585;245;816
1608;273;817
1627;294;818
1614;315;819
1662;317;820
1711;325;821
1700;329;822
1726;332;823
1719;355;824
1739;354;825
1791;360;826
1835;374;827
1834;384;828
1841;397;829
1867;413;830
1847;432;831
1864;452;832
1887;455;833
1871;462;834
1900;457;835
1917;464;836
1897;501;837
1874;518;838
1867;522;839
1854;524;840
1806;518;841
1784;514;842
1767;520;843
1774;537;844
1831;537;845
1839;529;846
1812;525;847
1755;535;848
1769;533;849
1786;521;850
1790;540;851
1797;541;852
1805;537;853
1818;523;854
1819;492;855
1805;507;856
1779;512;857
1785;500;858
1791;491;859
1798;494;860
1761;502;861
1712;507;862
1730;515;863
1726;502;864
1687;502;865
1667;511;866
1669;500;867
1655;512;868
1639;498;869
1626;484;870
1621;480;871
1608;492;872
1609;506;873
1644;503;874
1645;476;875
1686;466;876
1663;462;877
1657;449;878
1639;469;879
1626;451;880
1604;446;881
1570;437;882
1568;433;883
1559;433;884
1550;434;885
1545;427;886
1560;439;887
1518;449;888
1503;439;889
1461;416;890
1434;406;891
1425;403;892
1404;406;893
1401;403;894
1372;393;895
1357;388;896
1299;395;897
1250;402;898
1201;388;899
1160;374;900
1131;375;901
1106;385;902
1075;398;903
1053;393;904
1041;392;905
1026;369;906
977;382;907
945;383;908
926;404;909
872;415;910
873;410;911
834;423;912
808;446;913
826;456;914
794;447;915
767;451;916
748;460;917
705;463;918
667;467;919
623;471;920
580;473;921
567;476;922
564;471;923
535;463;924
492;441;925
461;435;926
411;417;927
401;397;928
400;401;929
389;381;930
394;372;931
392;378;932
362;390;933
363;385;934
364;385;935
353;384;936
352;361;937
343;365;938
344;343;939
339;331;940
349;316;941
352;321;942
373;317;943
358;304;944
338;302;945
336;285;946
326;281;947
329;273;948
334;270;949
323;252;950
308;236;951
308;219;952
306;210;953
291;197;954
273;189;955
269;163;956
272;153;957
290;143;958
274;137;959
282;113;960
285;116;961
283;119;962
280;110;963
273;108;964
301;88;965
306;85;966
346;78;967
351;80;968
360;72;969
360;72;970
376;61;971
384;49;972
389;44;973
427;47;974
458;45;975
464;39;976
477;38;977
490;40;978
538;31;979
579;31;980
607;28;981
646;32;982
690;32;983
718;36;984
751;34;985
799;33;986
814;34;987
853;35;988
896;33;989
955;38;990
998;38;991
1033;36;992
1088;39;993
1104;46;994
1173;48;995
1226;45;996
1281;45;997
1357;45;998
1434;54;999
1499;59;1000
1604;64;1001
1665;58;1002
1737;58;1003
1815;58;1004
1875;61;1005
1913;69;1006
1995;79;1007
2062;82;1008
2177;80;1009
2274;83;1010
2286;83;1011
2353;82;1012
2435;84;1013
2482;90;1014
2542;93;1015
2617;100;1016
2678;94;1017
2785;99;1018
2796;106;1019
2839;112;1020
2867;115;1021
2962;123;1022
3017;126;1023
3045;131;1024
3103;126;1025
3194;127;1026
3225;125;1027
3230;126;1028
3226;136;1029
3212;136;1030
3199;140;1031
3179;151;1032
3182;159;1033
3213;164;1034
3223;164;1035
3292;163;1036
3311;173;1037
3239;180;1038
3263;184;1039
3255;192;1040
3195;186;1041
3208;191;1042
3184;194;1043
3190;214;1044
3263;240;1045
3281;248;1046
3221;264;1047
3255;271;1048
3257;279;1049
3235;283;1050
3236;287;1051
3216;294;1052
3212;301;1053
3255;301;1054
3288;292;1055
3276;300;1056
3294;316;1057
3342;326;1058
3340;327;1059
3291;327;1060
3232;327;1061
3220;335;1062
3260;333;1063
3214;350;1064
3145;343;1065
3143;352;1066
3137;380;1067
3147;393;1068
3110;403;1069
3078;395;1070
3031;395;1071
3022;399;1072
3006;402;1073
2969;391;1074
2993;391;1075
2943;416;1076
2867;418;1077
2809;419;1078
2779;439;1079
2808;452;1080
2785;468;1081
2746;490;1082
2670;510;1083
2630;503;1084
2596;524;1085
2606;532;1086
2553;543;1087
2518;567;1088
2536;568;1089
2515;561;1090
2442;571;1091
2384;577;1092
2393;577;1093
2396;559;1094
2341;554;1095
2264;578;1096
2240;603;1097
2227;614;1098
2191;596;1099
2125;585;1100
2065;586;1101
2051;601;1102
2000;581;1103
1977;578;1104
1899;549;1105
1857;590;1106
1845;593;1107
1800;625;1108
1740;611;1109
1678;607;1110
1646;608;1111
1599;624;1112
1545;626;1113
1494;610;1114
1454;567;1115
1386;555;1116
1353;561;1117
1300;569;1118
1272;556;1119
1222;559;1120
1211;570;1121
1187;569;1122
1146;576;1123
1113;521;1124
1047;530;1125
991;508;1126
984;494;1127
952;487;1128
906;467;1129
843;455;1130
820;453;1131
797;443;1132
780;438;1133
713;419;1134
668;404;1135
620;379;1136
574;412;1137
547;426;1138
531;410;1139
485;416;1140
453;408;1141
436;420;1142
406;416;1143
398;443;1144
393;452;1145
383;466;1146
356;457;1147
342;438;1148
322;436;1149
335;447;1150
311;454;1151
314;443;1152
294;429;1153
271;428;1154
246;404;1155
236;383;1156
236;384;1157
244;370;1158
242;393;1159
235;384;1160
239;367;1161
233;348;1162
225;342;1163
211;317;1164
205;306;1165
184;305;1166
196;306;1167
195;298;1168
178;285;1169
174;275;1170
180;262;1171
198;254;1172
196;249;1173
175;241;1174
166;229;1175
178;222;1176
177;188;1177
173;168;1178
169;166;1179
173;173;1180
177;166;1181
176;157;1182
162;156;1183
148;144;1184
150;128;1185
148;111;1186
142;106;1187
152;100;1188
154;102;1189
159;97;1190
152;90;1191
147;87;1192
156;83;1193
156;92;1194
159;85;1195
159;85;1196
173;80;1197
191;72;1198
193;59;1199
206;55;1200
219;53;1201
224;52;1202
226;54;1203
234;52;1204
241;54;1205
247;52;1206
278;49;1207
287;48;1208
297;51;1209
312;50;1210
318;53;1211
346;45;1212
379;44;1213
398;43;1214
412;42;1215
420;43;1216
431;47;1217
451;47;1218
482;46;1219
495;44;1220
501;36;1221
533;36;1222
553;34;1223
571;34;1224
581;33;1225
627;33;1226
627;38;1227
658;37;1228
676;34;1229
678;31;1230
706;31;1231
776;33;1232
797;33;1233
798;36;1234
817;35;1235
823;33;1236
875;32;1237
893;30;1238
936;27;1239
982;31;1240
1005;33;1241
1035;32;1242
1091;30;1243
1091;29;1244
1156;27;1245
1217;34;1246
1257;34;1247
1279;43;1248
1314;43;1249
1371;38;1250
1456;42;1251
1512;40;1252
1512;40;1253
1558;38;1254
1615;45;1255
1692;45;1256
1742;45;1257
1795;42;1258
1875;45;1259
1945;55;1260
1952;54;1261
2000;58;1262
2062;57;1263
2137;54;1264
2186;56;1265
2226;56;1266
2243;53;1267
2271;59;1268
2321;60;1269
2346;62;1270
2333;63;1271
2408;62;1272
2429;57;1273
2482;63;1274
2510;66;1275
2576;76;1276
2618;75;1277
2649;77;1278
2695;77;1279
2770;82;1280
2825;82;1281
2863;86;1282
2924;90;1283
3010;101;1284
3038;103;1285
3081;105;1286
3163;109;1287
3237;114;1288
3320;120;1289
3405;129;1290
3426;141;1291
3460;135;1292
3611;135;1293
3677;129;1294
3783;145;1295
3840;156;1296
3940;157;1297
4055;162;1298
4050;170;1299
4046;169;1300
4150;192;1301
4218;201;1302
4302;214;1303
4380;215;1304
4391;219;1305
4420;226;1306
4468;241;1307
4477;267;1308
4409;291;1309
4384;304;1310
4346;308;1311
4380;347;1312
4318;378;1313
4200;378;1314
4213;382;1315
4176;378;1316
4113;396;1317
4025;410;1318
3979;440;1319
3903;453;1320
3823;462;1321
3721;492;1322
3619;502;1323
3620;517;1324
3538;531;1325
3472;548;1326
3411;557;1327
3321;547;1328
3293;567;1329
3275;571;1330
3200;582;1331
3086;602;1332
3031;610;1333
2975;635;1334
2887;626;1335
2813;618;1336
2799;622;1337
2746;650;1338
2739;675;1339
2686;665;1340
2609;669;1341
2598;657;1342
2630;639;1343
2591;628;1344
2605;631;1345
2545;641;1346
2503;638;1347
2562;634;1348
2498;610;1349
2528;594;1350
2531;577;1351
2503;567;1352
2481;574;1353
2478;561;1354
2460;553;1355
2396;513;1356
2393;481;1357
2366;482;1358
2294;482;1359
2297;473;1360
2235;459;1361
2195;446;1362
2183;445;1363
2116;428;1364
2126;440;1365
2108;446;1366
2054;439;1367
2085;427;1368
2048;415;1369
2006;408;1370
1960;404;1371
1938;398;1372
1888;384;1373
1839;383;1374
1803;365;1375
1742;362;1376
1744;362;1377
1690;371;1378
1686;361;1379
1697;353;1380
1662;345;1381
1635;353;1382
1656;344;1383
1632;338;1384
1632;347;1385
1610;350;1386
1560;349;1387
1577;356;1388
1571;359;1389
1560;350;1390
1545;387;1391
1508;380;1392
1462;409;1393
1456;407;1394
1416;418;1395
1367;405;1396
1384;417;1397
1341;434;1398
1336;439;1399
1325;451;1400
1308;461;1401
1272;482;1402
1257;473;1403
1240;459;1404
1187;459;1405
1145;462;1406
1119;465;1407
1095;485;1408
1062;453;1409
1022;444;1410
995;454;1411
964;451;1412
901;434;1413
896;451;1414
831;447;1415
829;434;1416
840;446;1417
835;440;1418
814;427;1419
791;424;1420
790;424;1421
767;422;1422
736;423;1423
717;407;1424
720;424;1425
719;430;1426
717;432;1427
707;424;1428
690;410;1429
680;409;1430
665;419;1431
637;446;1432
639;430;1433
615;433;1434
587;420;1435
558;414;1436
534;417;1437
512;411;1438
490;402;1439
455;395;1440
427;389;1441
403;385;1442
402;377;1443
393;371;1444
371;355;1445
365;368;1446
370;377;1447
367;382;1448
360;387;1449
352;351;1450
351;342;1451
365;341;1452
366;330;1453
381;329;1454
370;323;1455
374;313;1456
385;316;1457
397;306;1458
399;294;1459
399;302;1460
430;288;1461
439;278;1462
461;275;1463
491;270;1464
489;259;1465
514;255;1466
517;235;1467
540;219;1468
559;221;1469
571;203;1470
589;197;1471
614;184;1472
624;170;1473
654;158;1474
698;134;1475
739;129;1476
761;123;1477
799;104;1478
854;93;1479
896;82;1480
928;73;1481
982;68;1482
1037;59;1483
1065;59;1484
1109;58;1485
1179;55;1486
1225;50;1487
1298;47;1488
1348;41;1489
1382;56;1490
1423;47;1491
1489;44;1492
1552;42;1493
1638;45;1494
1696;48;1495
1791;48;1496
1869;61;1497
1942;63;1498
2027;59;1499
2117;58;1500
2171;60;1501
2204;66;1502
2285;64;1503
2376;69;1504
2467;73;1505
2523;76;1506
2651;74;1507
2697;83;1508
2767;82;1509
2790;95;1510
2840;93;1511
2892;98;1512
2941;105;1513
2971;110;1514
3024;107;1515
3085;107;1516
3137;112;1517
3250;110;1518
3287;123;1519
3371;124;1520
3343;133;1521
3384;137;1522
3350;136;1523
3414;135;1524
3446;144;1525
3478;153;1526
3534;169;1527
3577;169;1528
3607;173;1529
3603;184;1530
3592;188;1531
3565;187;1532
3562;201;1533
3577;225;1534
3563;224;1535
3486;236;1536
3555;242;1537
3605;252;1538
3580;264;1539
3572;268;1540
3521;285;1541
3486;311;1542
3439;318;1543
3442;309;1544
3370;296;1545
3348;321;1546
3394;335;1547
3424;351;1548
3421;358;1549
3390;381;1550
3342;395;1551
3367;416;1552
3328;424;1553
3298;427;1554
3347;439;1555
3325;448;1556
3346;456;1557
3380;457;1558
3337;461;1559
3308;440;1560
3320;432;1561
3301;451;1562
3266;461;1563
3239;449;1564
3215;457;1565
3163;470;1566
3137;483;1567
3144;483;1568
3078;476;1569
2993;468;1570
2967;476;1571
2961;484;1572
2900;458;1573
2865;461;1574
2789;467;1575
2781;489;1576
2761;496;1577
2681;493;1578
2664;493;1579
2627;480;1580
2613;475;1581
2574;488;1582
2568;473;1583
2461;461;1584
2422;452;1585
2398;446;1586
2357;463;1587
2298;470;1588
2319;470;1589
2269;448;1590
2309;448;1591
2270;437;1592
2216;429;1593
2218;422;1594
2197;402;1595
2161;402;1596
2108;396;1597
2089;411;1598
2045;427;1599
2043;430;1600
1983;429;1601
1974;429;1602
1958;431;1603
1972;447;1604
1900;465;1605
1856;462;1606
1802;463;1607
1788;486;1608
1741;499;1609
1676;496;1610
1655;508;1611
1586;509;1612
1565;526;1613
1511;536;1614
1517;558;1615
1460;584;1616
1448;603;1617
1404;622;1618
1380;645;1619
1341;654;1620
1326;645;1621
1306;650;1622
1256;645;1623
1209;641;1624
1173;633;1625
1146;640;1626
1098;633;1627
1074;628;1628
1049;632;1629
1023;612;1630
948;595;1631
949;579;1632
949;567;1633
910;552;1634
878;538;1635
836;526;1636
801;502;1637
747;512;1638
717;519;1639
703;499;1640
684;497;1641
661;490;1642
640;476;1643
580;469;1644
565;462;1645
540;461;1646
522;460;1647
488;446;1648
464;430;1649
468;425;1650
444;413;1651
420;418;1652
414;406;1653
401;391;1654
388;385;1655
368;355;1656
346;350;1657
326;358;1658
316;341;1659
309;327;1660
302;335;1661
305;313;1662
311;312;1663
298;300;1664
289;286;1665
259;295;1666
243;290;1667
227;283;1668
223;280;1669
214;258;1670
208;240;1671
206;234;1672
204;231;1673
200;240;1674
200;221;1675
212;211;1676
204;193;1677
207;191;1678
195;170;1679
194;159;1680
188;164;1681
193;157;1682
192;153;1683
196;132;1684
186;124;1685
185;117;1686
198;113;1687
212;114;1688
202;125;1689
198;119;1690
203;120;1691
207;109;1692
212;118;1693
215;118;1694
218;119;1695
226;112;1696
222;114;1697
234;113;1698
232;97;1699
236;96;1700
243;95;1701
250;94;1702
266;91;1703
269;90;1704
271;91;1705
271;88;1706
275;84;1707
285;78;1708
288;72;1709
315;77;1710
340;86;1711
353;82;1712
380;82;1713
385;82;1714
391;85;1715
391;82;1716
395;80;1717
408;81;1718
446;87;1719
468;93;1720
501;97;1721
508;101;1722
524;93;1723
547;96;1724
579;96;1725
603;102;1726
639;107;1727
664;112;1728
690;114;1729
697;118;1730
714;124;1731
742;127;1732
756;131;1733
779;132;1734
779;132;1735
796;140;1736
795;142;1737
857;143;1738
880;145;1739
887;146;1740
917;156;1741
951;162;1742
969;166;1743
978;161;1744
963;153;1745
1002;164;1746
998;160;1747
1011;163;1748
1021;163;1749
1063;163;1750
1092;174;1751
1100;170;1752
1161;175;1753
1164;180;1754
1203;183;1755
1245;184;1756
1240;191;1757
1225;197;1758
1242;201;1759
1291;214;1760
1327;207;1761
1343;210;1762
1368;221;1763
1416;218;1764
1457;216;1765
1461;235;1766
1494;239;1767
1559;241;1768
1589;272;1769
1630;272;1770
1654;287;1771
1705;298;1772
1752;318;1773
1811;330;1774
1854;351;1775
1895;365;1776
1928;395;1777
1981;418;1778
2053;445;1779
2111;447;1780
2163;467;1781
2237;491;1782
2285;493;1783
2345;479;1784
2398;498;1785
2433;500;1786
2460;474;1787
2440;504;1788
2514;521;1789
2600;532;1790
2608;526;1791
2615;522;1792
2601;509;1793
2615;536;1794
2615;531;1795
2594;518;1796
2583;530;1797
2561;551;1798
2524;548;1799
2474;541;1800
2375;562;1801
2386;556;1802
2345;562;1803
2348;560;1804
2285;565;1805
2172;550;1806
2110;544;1807
2035;538;1808
1940;564;1809
1878;581;1810
1796;578;1811
1730;577;1812
1675;575;1813
1603;585;1814
1560;594;1815
1523;620;1816
1550;619;1817
1449;637;1818
1352;632;1819
1315;628;1820
1263;634;1821
1203;636;1822
1153;653;1823
1091;667;1824
1093;658;1825
1046;692;1826
1005;701;1827
965;677;1828
918;685;1829
881;688;1830
850;694;1831
793;679;1832
707;663;1833
656;640;1834
637;633;1835
574;601;1836
547;613;1837
497;612;1838
485;593;1839
477;593;1840
434;565;1841
420;536;1842
382;522;1843
369;487;1844
356;454;1845
328;457;1846
323;447;1847
304;421;1848
295;394;1849
288;376;1850
286;367;1851
284;365;1852
294;361;1853
320;356;1854
319;331;1855
308;311;1856
309;308;1857
311;304;1858
307;290;1859
301;270;1860
326;266;1861
315;256;1862
312;237;1863
341;217;1864
351;206;1865
359;190;1866
369;184;1867
401;178;1868
416;170;1869
410;149;1870
414;147;1871
441;146;1872
457;144;1873
453;135;1874
463;126;1875
499;106;1876
530;97;1877
561;96;1878
563;89;1879
573;82;1880
584;80;1881
634;72;1882
672;75;1883
664;70;1884
711;71;1885
746;71;1886
757;80;1887
777;81;1888
800;87;1889
848;85;1890
857;83;1891
924;82;1892
961;81;1893
995;82;1894
1038;84;1895
1076;84;1896
1148;85;1897
1185;86;1898
1227;88;1899
1280;90;1900
1354;85;1901
1377;91;1902
1418;94;1903
1445;90;1904
1476;91;1905
1549;97;1906
1594;95;1907
1668;95;1908
1714;98;1909
1803;92;1910
1878;89;1911
1929;82;1912
1976;88;1913
2071;84;1914
2131;83;1915
2217;83;1916
2257;87;1917
2344;83;1918
2439;91;1919
2499;89;1920
2585;88;1921
2636;98;1922
2695;102;1923
2703;102;1924
2723;98;1925
2740;105;1926
2779;104;1927
2901;116;1928
2973;116;1929
2978;126;1930
3003;130;1931
3038;138;1932
3119;143;1933
3126;150;1934
3096;155;1935
3096;170;1936
3199;175;1937
3195;187;1938
3261;186;1939
3343;189;1940
3396;197;1941
3489;223;1942
3574;223;1943
3550;227;1944
3531;245;1945
3551;241;1946
3598;249;1947
3559;260;1948
3525;268;1949
3508;262;1950
3546;260;1951
3546;269;1952
3484;276;1953
3481;278;1954
3424;288;1955
3468;302;1956
3453;301;1957
3404;305;1958
3379;308;1959
3329;320;1960
3415;321;1961
3435;325;1962
3410;319;1963
3384;332;1964
3506;338;1965
3497;327;1966
3457;329;1967
3446;351;1968
3452;376;1969
3466;390;1970
3445;389;1971
3332;397;1972
3303;403;1973
3321;406;1974
3348;417;1975
3292;425;1976
3204;456;1977
3199;476;1978
3182;482;1979
3137;478;1980
3089;483;1981
3048;496;1982
3001;511;1983
2945;551;1984
2903;561;1985
2815;555;1986
2784;562;1987
2770;558;1988
2741;569;1989
2651;593;1990
2544;586;1991
2538;588;1992
2443;598;1993
2382;608;1994
2270;624;1995
2260;611;1996
2192;612;1997
2122;608;1998
2059;644;1999
