prey;predator;iteration
380;79;0
377;79;1
377;79;2
372;79;3
375;79;4
395;79;5
431;79;6
480;79;7
522;79;8
558;79;9
605;83;10
629;86;11
643;85;12
672;81;13
706;84;14
739;88;15
781;86;16
793;77;17
834;78;18
868;82;19
826;92;20
843;90;21
845;90;22
908;90;23
935;84;24
968;87;25
1012;92;26
1072;98;27
1162;98;28
1186;103;29
1211;109;30
1321;116;31
1395;125;32
1481;124;33
1498;131;34
1545;134;35
1592;151;36
1626;154;37
1749;156;38
1774;158;39
1840;157;40
1936;160;41
2023;171;42
2175;177;43
2239;176;44
2303;172;45
2376;187;46
2453;199;47
2474;213;48
2492;221;49
2541;218;50
2582;236;51
2669;241;52
2725;252;53
2741;256;54
2781;270;55
2847;267;56
2872;285;57
2911;309;58
2983;322;59
3011;342;60
3019;349;61
3041;358;62
3054;364;63
3076;366;64
3138;356;65
3113;374;66
3130;390;67
3138;396;68
3126;389;69
3139;392;70
3125;389;71
3062;417;72
3117;429;73
3120;432;74
3058;444;75
2986;443;76
2950;451;77
2903;476;78
2880;485;79
2831;479;80
2739;499;81
2680;514;82
2629;543;83
2532;560;84
2442;573;85
2360;574;86
2316;610;87
2296;645;88
2181;679;89
2079;680;90
1987;684;91
1952;729;92
1854;759;93
1777;787;94
1668;809;95
1628;818;96
1572;818;97
1537;816;98
1450;815;99
1399;843;100
1350;850;101
1296;847;102
1236;817;103
1159;822;104
1161;795;105
1157;804;106
1107;788;107
1055;783;108
1031;770;109
1016;747;110
982;722;111
952;705;112
944;700;113
910;684;114
878;684;115
842;680;116
840;686;117
845;670;118
838;658;119
838;644;120
799;645;121
738;634;122
712;643;123
713;631;124
709;624;125
690;589;126
679;568;127
679;536;128
635;511;129
611;494;130
614;479;131
610;478;132
563;466;133
534;444;134
520;432;135
504;423;136
480;407;137
466;405;138
464;393;139
472;381;140
472;366;141
464;344;142
466;340;143
471;345;144
465;336;145
435;330;146
439;315;147
436;308;148
457;307;149
490;289;150
468;273;151
479;267;152
485;248;153
505;242;154
504;236;155
512;229;156
498;223;157
522;225;158
553;243;159
554;249;160
579;237;161
604;231;162
611;231;163
640;239;164
646;231;165
660;227;166
676;219;167
698;214;168
710;207;169
746;195;170
754;208;171
780;200;172
791;199;173
832;203;174
848;218;175
873;217;176
881;216;177
924;210;178
919;213;179
925;223;180
940;217;181
952;221;182
992;232;183
1040;233;184
1048;236;185
1060;249;186
1095;263;187
1109;272;188
1126;264;189
1154;256;190
1196;257;191
1237;251;192
1251;257;193
1263;253;194
1254;259;195
1281;273;196
1271;295;197
1285;299;198
1318;318;199
1275;316;200
1274;326;201
1281;333;202
1260;337;203
1271;351;204
1273;348;205
1258;344;206
1264;363;207
1228;373;208
1236;383;209
1220;371;210
1221;372;211
1154;395;212
1173;409;213
1185;399;214
1153;424;215
1154;431;216
1171;442;217
1172;455;218
1167;458;219
1146;473;220
1122;476;221
1128;479;222
1135;489;223
1150;497;224
1176;493;225
1182;488;226
1202;491;227
1208;499;228
1211;495;229
1175;491;230
1166;497;231
1186;490;232
1181;475;233
1168;493;234
1155;497;235
1166;498;236
1174;492;237
1135;484;238
1128;500;239
1089;497;240
1063;488;241
1023;486;242
1018;485;243
1020;472;244
987;472;245
985;489;246
995;488;247
940;511;248
906;508;249
889;523;250
902;526;251
928;516;252
924;498;253
935;514;254
901;534;255
890;538;256
856;521;257
835;514;258
841;525;259
828;521;260
828;527;261
830;532;262
773;537;263
764;523;264
736;526;265
740;522;266
701;516;267
648;514;268
630;509;269
596;509;270
588;509;271
587;518;272
570;523;273
583;515;274
549;501;275
524;486;276
512;464;277
509;481;278
502;485;279
515;477;280
495;455;281
473;444;282
480;416;283
491;400;284
514;419;285
501;414;286
516;400;287
511;380;288
508;385;289
490;381;290
487;365;291
489;362;292
504;368;293
491;361;294
491;369;295
499;362;296
501;359;297
513;356;298
498;343;299
494;327;300
490;335;301
490;331;302
496;320;303
498;315;304
484;308;305
485;297;306
461;286;307
457;270;308
445;265;309
470;263;310
466;249;311
481;237;312
489;224;313
478;218;314
489;219;315
492;217;316
511;206;317
514;201;318
517;191;319
511;193;320
503;175;321
522;175;322
540;169;323
554;168;324
544;156;325
540;144;326
564;155;327
577;145;328
596;149;329
588;154;330
601;154;331
627;155;332
608;145;333
609;143;334
637;154;335
665;168;336
666;170;337
669;183;338
663;194;339
665;193;340
670;204;341
681;217;342
696;214;343
716;214;344
730;218;345
741;238;346
742;240;347
730;247;348
719;246;349
730;247;350
698;265;351
693;277;352
662;285;353
662;279;354
679;278;355
678;276;356
668;280;357
660;275;358
702;287;359
710;285;360
728;294;361
725;307;362
712;328;363
672;328;364
679;330;365
632;348;366
622;355;367
611;367;368
621;373;369
627;377;370
609;369;371
587;370;372
597;374;373
585;375;374
554;363;375
542;370;376
515;366;377
515;367;378
517;356;379
533;354;380
505;327;381
489;335;382
502;336;383
496;330;384
505;343;385
490;335;386
511;322;387
532;317;388
519;317;389
518;326;390
515;314;391
496;310;392
503;302;393
491;307;394
487;290;395
490;283;396
508;272;397
525;266;398
520;266;399
522;268;400
518;275;401
511;274;402
512;256;403
496;247;404
499;229;405
511;230;406
511;218;407
530;213;408
521;222;409
534;213;410
543;210;411
568;199;412
582;197;413
604;194;414
639;192;415
659;201;416
663;211;417
701;207;418
712;198;419
738;188;420
753;191;421
740;202;422
769;199;423
777;187;424
789;191;425
835;198;426
859;202;427
887;192;428
926;186;429
947;189;430
953;204;431
960;219;432
976;213;433
1018;220;434
1068;204;435
1067;206;436
1072;204;437
1123;223;438
1153;210;439
1184;201;440
1195;209;441
1205;210;442
1235;213;443
1307;215;444
1350;220;445
1346;227;446
1358;227;447
1403;231;448
1427;234;449
1451;240;450
1470;240;451
1504;239;452
1537;238;453
1544;231;454
1641;226;455
1682;230;456
1694;229;457
1755;231;458
1776;235;459
1825;236;460
1883;229;461
1986;225;462
2061;223;463
2095;229;464
2113;231;465
2127;238;466
2201;236;467
2205;231;468
2221;242;469
2275;238;470
2288;251;471
2350;253;472
2378;265;473
2439;286;474
2448;318;475
2512;337;476
2525;339;477
2481;348;478
2498;364;479
2499;367;480
2506;391;481
2540;408;482
2536;419;483
2519;424;484
2533;439;485
2523;468;486
2537;490;487
2496;522;488
2468;534;489
2434;547;490
2411;567;491
2356;564;492
2307;576;493
2234;580;494
2135;598;495
2119;603;496
2033;618;497
1975;630;498
1944;641;499
1893;654;500
1835;658;501
1828;650;502
1787;657;503
1760;633;504
1705;652;505
1642;644;506
1614;653;507
1574;665;508
1528;658;509
1520;665;510
1461;653;511
1417;658;512
1420;644;513
1390;660;514
1362;648;515
1344;638;516
1299;633;517
1234;607;518
1186;591;519
1178;583;520
1169;594;521
1179;601;522
1176;579;523
1144;564;524
1075;551;525
1072;555;526
1074;574;527
1058;561;528
1031;555;529
1009;560;530
996;562;531
971;529;532
987;518;533
1007;518;534
974;511;535
948;525;536
929;509;537
900;496;538
871;479;539
851;475;540
864;467;541
816;463;542
820;452;543
788;440;544
766;451;545
749;459;546
700;458;547
681;464;548
639;470;549
571;487;550
593;483;551
583;484;552
550;480;553
548;477;554
521;484;555
490;491;556
461;481;557
450;483;558
419;506;559
416;503;560
405;508;561
382;496;562
386;487;563
378;473;564
377;477;565
395;475;566
389;464;567
374;452;568
376;457;569
355;456;570
344;465;571
336;437;572
345;438;573
336;427;574
347;428;575
337;415;576
321;380;577
314;377;578
302;346;579
318;346;580
329;315;581
324;302;582
317;285;583
346;280;584
356;267;585
371;276;586
383;270;587
387;283;588
400;258;589
421;258;590
421;250;591
414;265;592
418;269;593
433;272;594
437;273;595
450;267;596
464;261;597
501;243;598
534;237;599
522;239;600
544;244;601
560;232;602
560;221;603
566;212;604
585;196;605
602;177;606
597;176;607
620;181;608
687;187;609
712;171;610
731;167;611
759;152;612
768;140;613
778;133;614
789;136;615
805;140;616
820;135;617
803;137;618
807;131;619
817;124;620
845;129;621
879;129;622
866;142;623
887;143;624
889;153;625
911;153;626
960;151;627
991;155;628
1015;160;629
1023;175;630
1046;189;631
1074;190;632
1083;198;633
1136;193;634
1183;216;635
1224;210;636
1269;232;637
1303;228;638
1348;229;639
1384;231;640
1434;234;641
1452;232;642
1491;234;643
1517;241;644
1541;250;645
1579;255;646
1585;256;647
1655;250;648
1691;257;649
1712;269;650
1755;285;651
1810;297;652
1822;292;653
1882;296;654
1939;289;655
1951;304;656
1968;314;657
1980;312;658
1997;305;659
2016;301;660
2073;298;661
2130;306;662
2134;309;663
2133;304;664
2164;305;665
2178;312;666
2155;321;667
2198;337;668
2219;331;669
2264;341;670
2322;357;671
2318;360;672
2327;362;673
2356;368;674
2299;375;675
2330;380;676
2301;392;677
2259;399;678
2244;400;679
2238;405;680
2235;412;681
2187;409;682
2220;408;683
2187;411;684
2200;420;685
2195;415;686
2114;425;687
2130;444;688
2129;441;689
2080;430;690
2051;439;691
1963;438;692
1940;454;693
1917;447;694
1881;464;695
1838;461;696
1814;459;697
1840;458;698
1840;447;699
1787;460;700
1730;461;701
1650;457;702
1657;442;703
1647;446;704
1610;438;705
1611;448;706
1600;440;707
1622;432;708
1618;416;709
1650;413;710
1653;390;711
1650;393;712
1626;364;713
1606;341;714
1600;324;715
1625;318;716
1664;325;717
1676;307;718
1642;310;719
1641;318;720
1633;311;721
1604;302;722
1574;312;723
1560;312;724
1578;305;725
1536;315;726
1524;318;727
1542;332;728
1585;345;729
1589;337;730
1591;359;731
1535;359;732
1471;363;733
1495;359;734
1448;366;735
1407;365;736
1434;361;737
1452;354;738
1452;362;739
1464;377;740
1485;372;741
1487;375;742
1473;377;743
1475;377;744
1457;391;745
1442;397;746
1415;407;747
1418;412;748
1455;393;749
1404;415;750
1401;427;751
1453;429;752
1431;439;753
1413;446;754
1436;445;755
1400;460;756
1390;484;757
1368;495;758
1360;506;759
1313;507;760
1279;519;761
1296;524;762
1285;534;763
1276;539;764
1262;543;765
1218;547;766
1196;566;767
1146;568;768
1115;583;769
1097;607;770
1052;593;771
1029;601;772
981;623;773
959;616;774
946;615;775
900;611;776
900;658;777
858;653;778
825;648;779
781;656;780
761;667;781
724;667;782
717;668;783
702;660;784
697;657;785
700;665;786
677;650;787
671;659;788
640;669;789
634;690;790
648;669;791
643;648;792
617;646;793
617;653;794
590;607;795
604;596;796
601;584;797
622;568;798
625;547;799
611;533;800
588;522;801
589;524;802
593;508;803
606;482;804
635;471;805
637;457;806
636;449;807
625;420;808
621;406;809
623;397;810
626;397;811
649;371;812
642;373;813
633;359;814
623;346;815
658;340;816
680;320;817
680;310;818
673;295;819
662;262;820
637;253;821
634;247;822
635;232;823
658;215;824
657;195;825
658;193;826
653;204;827
641;211;828
634;201;829
637;198;830
602;196;831
607;207;832
615;212;833
618;231;834
641;232;835
651;238;836
639;240;837
648;236;838
638;230;839
609;226;840
609;245;841
603;253;842
591;269;843
617;274;844
635;266;845
621;266;846
629;270;847
621;276;848
611;279;849
603;278;850
595;280;851
574;276;852
573;279;853
570;288;854
561;280;855
559;304;856
561;313;857
551;302;858
551;290;859
550;284;860
543;268;861
559;272;862
577;275;863
583;270;864
604;270;865
626;271;866
595;268;867
609;267;868
625;249;869
634;250;870
653;262;871
653;257;872
676;254;873
679;234;874
710;222;875
734;227;876
734;226;877
769;218;878
788;217;879
817;198;880
815;188;881
818;196;882
860;189;883
929;184;884
964;186;885
1023;187;886
1080;182;887
1115;176;888
1171;167;889
1207;169;890
1244;162;891
1283;164;892
1336;163;893
1368;150;894
1463;145;895
1507;149;896
1595;148;897
1687;146;898
1738;138;899
1798;141;900
1868;154;901
1931;155;902
1947;157;903
1999;150;904
2065;174;905
2107;185;906
2130;189;907
2138;191;908
2142;195;909
2173;201;910
2155;210;911
2236;207;912
2254;212;913
2263;221;914
2338;223;915
2325;229;916
2317;240;917
2314;236;918
2367;239;919
2359;237;920
2338;257;921
2334;262;922
2375;266;923
2461;278;924
2503;288;925
2527;293;926
2526;322;927
2515;334;928
2520;331;929
2570;335;930
2580;351;931
2598;359;932
2607;359;933
2603;367;934
2605;387;935
2611;392;936
2620;402;937
2640;403;938
2671;387;939
2637;389;940
2666;385;941
2684;400;942
2688;407;943
2672;415;944
2649;419;945
2611;418;946
2629;423;947
2645;427;948
2651;414;949
2638;412;950
2623;429;951
2559;423;952
2532;430;953
2531;431;954
2470;424;955
2444;428;956
2374;447;957
2358;459;958
2365;476;959
2353;461;960
2375;456;961
2327;450;962
2321;440;963
2263;434;964
2190;449;965
2170;482;966
2111;492;967
2124;496;968
2087;485;969
2089;488;970
2054;508;971
2032;510;972
2016;514;973
2000;520;974
1935;519;975
1896;544;976
1792;539;977
1728;555;978
1694;545;979
1661;537;980
1603;547;981
1581;574;982
1543;568;983
1492;556;984
1443;552;985
1361;560;986
1295;571;987
1266;586;988
1185;586;989
1090;601;990
1038;606;991
996;621;992
939;614;993
910;611;994
880;618;995
836;620;996
800;638;997
747;641;998
696;669;999
658;680;1000
626;702;1001
607;713;1002
594;718;1003
566;738;1004
568;758;1005
543;744;1006
506;716;1007
490;697;1008
502;691;1009
499;679;1010
486;679;1011
468;660;1012
453;641;1013
439;626;1014
422;619;1015
427;614;1016
420;568;1017
400;533;1018
391;496;1019
394;460;1020
399;438;1021
394;404;1022
415;382;1023
430;356;1024
406;352;1025
413;326;1026
413;300;1027
432;281;1028
421;266;1029
430;264;1030
442;254;1031
469;233;1032
482;223;1033
506;199;1034
533;193;1035
546;185;1036
564;188;1037
607;184;1038
614;184;1039
612;177;1040
644;164;1041
655;161;1042
664;161;1043
680;163;1044
692;169;1045
709;165;1046
762;159;1047
772;151;1048
785;139;1049
803;138;1050
798;130;1051
823;132;1052
843;151;1053
829;149;1054
825;155;1055
863;159;1056
891;164;1057
898;171;1058
921;178;1059
933;182;1060
963;187;1061
962;189;1062
966;192;1063
967;198;1064
1003;203;1065
1007;208;1066
1020;215;1067
1059;224;1068
1079;234;1069
1111;248;1070
1130;245;1071
1145;242;1072
1155;239;1073
1177;251;1074
1160;253;1075
1205;259;1076
1217;272;1077
1214;278;1078
1204;279;1079
1216;302;1080
1192;319;1081
1214;333;1082
1229;328;1083
1225;326;1084
1191;326;1085
1168;325;1086
1145;341;1087
1167;339;1088
1158;347;1089
1175;348;1090
1146;352;1091
1158;371;1092
1150;416;1093
1117;421;1094
1137;419;1095
1136;419;1096
1147;424;1097
1162;398;1098
1147;420;1099
1162;426;1100
1195;431;1101
1168;458;1102
1176;460;1103
1161;470;1104
1178;468;1105
1163;468;1106
1166;466;1107
1216;469;1108
1250;468;1109
1278;461;1110
1256;441;1111
1269;459;1112
1298;450;1113
1295;442;1114
1298;450;1115
1320;443;1116
1333;434;1117
1366;434;1118
1364;418;1119
1396;386;1120
1408;374;1121
1427;375;1122
1429;371;1123
1454;375;1124
1454;394;1125
1477;391;1126
1506;384;1127
1553;377;1128
1535;362;1129
1579;341;1130
1621;327;1131
1621;339;1132
1642;335;1133
1656;332;1134
1685;333;1135
1663;331;1136
1694;342;1137
1708;338;1138
1728;350;1139
1734;355;1140
1735;359;1141
1747;355;1142
1770;355;1143
1741;351;1144
1768;354;1145
1764;352;1146
1753;371;1147
1776;365;1148
1749;367;1149
1721;356;1150
1700;362;1151
1726;369;1152
1709;376;1153
1720;374;1154
1722;373;1155
1701;370;1156
1690;373;1157
1726;367;1158
1718;377;1159
1711;377;1160
1642;362;1161
1681;362;1162
1677;360;1163
1636;357;1164
1646;355;1165
1621;347;1166
1602;340;1167
1548;338;1168
1527;333;1169
1507;321;1170
1461;304;1171
1466;306;1172
1438;300;1173
1390;302;1174
1377;318;1175
1400;333;1176
1382;335;1177
1328;326;1178
1303;326;1179
1318;333;1180
1285;337;1181
1260;341;1182
1203;329;1183
1196;341;1184
1183;339;1185
1160;351;1186
1183;347;1187
1208;347;1188
1210;351;1189
1248;355;1190
1223;361;1191
1217;351;1192
1233;336;1193
1228;328;1194
1228;320;1195
1203;318;1196
1226;315;1197
1210;326;1198
1230;319;1199
1219;323;1200
1243;313;1201
1242;311;1202
1199;307;1203
1214;326;1204
1213;317;1205
1148;311;1206
1185;317;1207
1176;315;1208
1158;330;1209
1217;326;1210
1231;323;1211
1264;324;1212
1259;321;1213
1276;324;1214
1286;349;1215
1299;361;1216
1303;363;1217
1359;367;1218
1404;365;1219
1388;366;1220
1403;374;1221
1460;364;1222
1476;384;1223
1503;397;1224
1498;404;1225
1484;423;1226
1493;413;1227
1509;414;1228
1536;422;1229
1566;426;1230
1587;432;1231
1602;427;1232
1608;408;1233
1636;392;1234
1647;381;1235
1673;380;1236
1684;385;1237
1677;376;1238
1699;378;1239
1725;386;1240
1763;380;1241
1805;368;1242
1804;360;1243
1805;359;1244
1857;362;1245
1838;378;1246
1880;370;1247
1869;367;1248
1884;374;1249
1929;376;1250
1975;391;1251
1969;398;1252
1976;392;1253
1946;387;1254
1965;375;1255
1950;379;1256
1933;375;1257
1990;361;1258
2047;346;1259
2065;330;1260
2019;327;1261
2005;311;1262
2001;320;1263
2038;314;1264
2034;328;1265
2042;334;1266
1996;321;1267
1991;326;1268
1992;336;1269
1982;342;1270
1968;345;1271
1984;336;1272
2043;354;1273
2057;355;1274
2023;347;1275
2042;355;1276
2071;360;1277
2113;358;1278
2114;354;1279
2131;358;1280
2091;368;1281
2121;373;1282
2129;370;1283
2124;363;1284
2113;364;1285
2107;362;1286
2109;356;1287
2106;366;1288
2053;355;1289
2066;373;1290
2058;376;1291
2037;400;1292
2014;405;1293
1968;408;1294
1921;431;1295
1918;439;1296
1925;440;1297
1919;440;1298
1851;438;1299
1806;433;1300
1744;448;1301
1742;460;1302
1689;453;1303
1711;451;1304
1686;478;1305
1659;470;1306
1606;484;1307
1584;516;1308
1551;513;1309
1505;517;1310
1469;527;1311
1385;557;1312
1346;547;1313
1286;547;1314
1272;548;1315
1237;547;1316
1251;533;1317
1201;530;1318
1152;529;1319
1120;538;1320
1083;572;1321
1016;580;1322
1019;567;1323
953;577;1324
919;575;1325
899;567;1326
855;566;1327
859;581;1328
847;597;1329
783;600;1330
744;608;1331
700;609;1332
655;603;1333
614;593;1334
594;597;1335
552;594;1336
529;584;1337
508;590;1338
477;568;1339
455;547;1340
450;568;1341
410;567;1342
371;561;1343
314;570;1344
286;571;1345
278;554;1346
262;549;1347
251;561;1348
232;551;1349
224;536;1350
218;525;1351
208;534;1352
204;519;1353
194;516;1354
194;503;1355
179;465;1356
174;445;1357
167;447;1358
170;423;1359
168;417;1360
162;409;1361
155;385;1362
150;365;1363
144;351;1364
141;315;1365
140;281;1366
148;260;1367
153;251;1368
144;251;1369
143;218;1370
143;205;1371
147;178;1372
146;176;1373
145;175;1374
146;164;1375
153;149;1376
154;137;1377
153;125;1378
178;108;1379
176;106;1380
196;101;1381
205;92;1382
206;89;1383
211;88;1384
209;82;1385
213;72;1386
218;66;1387
223;64;1388
235;58;1389
261;60;1390
271;49;1391
283;49;1392
300;46;1393
314;45;1394
317;41;1395
337;37;1396
342;34;1397
351;31;1398
349;32;1399
361;30;1400
365;29;1401
382;26;1402
398;24;1403
414;23;1404
433;22;1405
461;22;1406
470;19;1407
496;16;1408
561;19;1409
603;19;1410
614;17;1411
633;20;1412
657;19;1413
669;19;1414
691;20;1415
760;19;1416
814;17;1417
852;16;1418
893;14;1419
934;15;1420
979;15;1421
1050;14;1422
1138;14;1423
1198;13;1424
1275;13;1425
1319;17;1426
1402;21;1427
1488;19;1428
1543;18;1429
1608;18;1430
1757;18;1431
1823;18;1432
1921;18;1433
2038;16;1434
2168;15;1435
2296;15;1436
2385;14;1437
2522;16;1438
2606;22;1439
2775;22;1440
2895;26;1441
3071;32;1442
3171;35;1443
3279;34;1444
3405;33;1445
3584;33;1446
3651;34;1447
3760;39;1448
3808;43;1449
3869;52;1450
3973;52;1451
4060;52;1452
4111;52;1453
4150;52;1454
4214;55;1455
4265;54;1456
4359;64;1457
4343;64;1458
4426;71;1459
4463;75;1460
4448;84;1461
4362;87;1462
4435;90;1463
4430;98;1464
4510;103;1465
4541;114;1466
4514;122;1467
4518;131;1468
4615;134;1469
4589;137;1470
4579;148;1471
4535;158;1472
4541;163;1473
4610;174;1474
4592;184;1475
4557;187;1476
4601;189;1477
4633;206;1478
4606;219;1479
4589;228;1480
4606;242;1481
4535;272;1482
4516;283;1483
4511;295;1484
4377;303;1485
4304;327;1486
4281;337;1487
4254;356;1488
4192;372;1489
4069;370;1490
4002;375;1491
3941;388;1492
3831;395;1493
3801;426;1494
3721;424;1495
3689;436;1496
3593;439;1497
3540;449;1498
3446;450;1499
3342;470;1500
3311;492;1501
3297;502;1502
3211;499;1503
3185;505;1504
3136;507;1505
3110;512;1506
3091;493;1507
3063;512;1508
3045;505;1509
2921;520;1510
2835;528;1511
2778;534;1512
2723;530;1513
2682;556;1514
2631;570;1515
2576;590;1516
2544;599;1517
2485;598;1518
2505;606;1519
2427;645;1520
2431;654;1521
2396;647;1522
2324;669;1523
2298;678;1524
2225;712;1525
2209;728;1526
2105;721;1527
2093;711;1528
2063;715;1529
2054;713;1530
2042;708;1531
1978;693;1532
1905;696;1533
1838;685;1534
1787;699;1535
1766;703;1536
1687;698;1537
1620;673;1538
1633;682;1539
1561;693;1540
1557;662;1541
1507;652;1542
1521;642;1543
1484;629;1544
1473;634;1545
1446;646;1546
1453;670;1547
1465;646;1548
1468;625;1549
1461;608;1550
1414;590;1551
1388;604;1552
1374;582;1553
1358;565;1554
1318;549;1555
1344;534;1556
1330;526;1557
1328;530;1558
1349;526;1559
1286;518;1560
1280;488;1561
1241;473;1562
1217;451;1563
1231;439;1564
1222;430;1565
1213;433;1566
1193;429;1567
1195;431;1568
1160;427;1569
1152;423;1570
1133;430;1571
1074;455;1572
1056;477;1573
1011;458;1574
933;481;1575
911;496;1576
896;496;1577
867;510;1578
853;514;1579
788;529;1580
743;543;1581
699;538;1582
658;532;1583
614;520;1584
586;521;1585
555;523;1586
530;533;1587
486;531;1588
481;528;1589
454;515;1590
437;506;1591
463;506;1592
423;496;1593
407;499;1594
376;496;1595
368;482;1596
365;470;1597
359;461;1598
351;438;1599
347;421;1600
346;409;1601
361;395;1602
367;370;1603
351;359;1604
339;343;1605
327;328;1606
318;312;1607
292;304;1608
272;279;1609
264;281;1610
264;278;1611
251;262;1612
232;243;1613
221;227;1614
222;221;1615
229;210;1616
216;208;1617
203;216;1618
177;217;1619
184;211;1620
179;210;1621
169;208;1622
170;194;1623
163;181;1624
147;176;1625
133;168;1626
129;170;1627
126;155;1628
125;144;1629
128;140;1630
128;134;1631
114;127;1632
113;125;1633
100;116;1634
97;113;1635
96;97;1636
84;92;1637
91;88;1638
89;79;1639
82;74;1640
93;68;1641
96;66;1642
91;66;1643
89;64;1644
87;54;1645
86;46;1646
84;50;1647
86;45;1648
88;43;1649
91;40;1650
102;34;1651
107;33;1652
108;29;1653
107;26;1654
97;25;1655
101;21;1656
103;21;1657
134;21;1658
126;21;1659
130;21;1660
136;22;1661
143;21;1662
145;20;1663
137;19;1664
140;13;1665
149;12;1666
173;12;1667
196;16;1668
205;16;1669
205;15;1670
208;13;1671
220;13;1672
226;13;1673
229;13;1674
236;13;1675
250;12;1676
270;12;1677
285;12;1678
307;11;1679
336;11;1680
358;11;1681
395;11;1682
410;11;1683
422;11;1684
433;10;1685
463;5;1686
498;4;1687
516;3;1688
532;2;1689
557;2;1690
610;1;1691
639;1;1692
686;1;1693
741;1;1694
792;1;1695
847;1;1696
893;1;1697
914;1;1698
951;1;1699
978;1;1700
1040;2;1701
1082;2;1702
1122;2;1703
1182;2;1704
1197;2;1705
1232;2;1706
1309;2;1707
1333;2;1708
1384;2;1709
1419;2;1710
1423;2;1711
1503;2;1712
1572;2;1713
1626;2;1714
1682;2;1715
1714;2;1716
1746;2;1717
1755;2;1718
1774;1;1719
1849;1;1720
1967;1;1721
2064;1;1722
2126;1;1723
2212;1;1724
2262;1;1725
2315;1;1726
2430;1;1727
2511;1;1728
2559;1;1729
2613;1;1730
2735;1;1731
2831;1;1732
2910;1;1733
3012;0;1734
3092;0;1735
3220;0;1736
3266;0;1737
3333;0;1738
3438;0;1739
3548;0;1740
3665;0;1741
3758;0;1742
3788;0;1743
3863;0;1744
3951;0;1745
4052;0;1746
4158;0;1747
4293;0;1748
4378;0;1749
4467;0;1750
4532;0;1751
4543;0;1752
4599;0;1753
4654;0;1754
4684;0;1755
4736;0;1756
4787;0;1757
4805;0;1758
4890;0;1759
4932;0;1760
4982;0;1761
5003;0;1762
4976;0;1763
4988;0;1764
5004;0;1765
5023;0;1766
5016;0;1767
5097;0;1768
5205;0;1769
5217;0;1770
5221;0;1771
5274;0;1772
5307;0;1773
5433;0;1774
5405;0;1775
5419;0;1776
5418;0;1777
5402;0;1778
5509;0;1779
5514;0;1780
5514;0;1781
5510;0;1782
5540;0;1783
5472;0;1784
5432;0;1785
5498;0;1786
5533;0;1787
5546;0;1788
5534;0;1789
5491;0;1790
5531;0;1791
5500;0;1792
5512;0;1793
5498;0;1794
5450;0;1795
5446;0;1796
5407;0;1797
5340;0;1798
5275;0;1799
5259;0;1800
5239;0;1801
5189;0;1802
5112;0;1803
5095;0;1804
5159;0;1805
5147;0;1806
5126;0;1807
5060;0;1808
5097;0;1809
5166;0;1810
5186;0;1811
5213;0;1812
5166;0;1813
5253;0;1814
5239;0;1815
5306;0;1816
5306;0;1817
5375;0;1818
5461;0;1819
5513;0;1820
5479;0;1821
5430;0;1822
5455;0;1823
5537;0;1824
5517;0;1825
5500;0;1826
5511;0;1827
5444;0;1828
5546;0;1829
5622;0;1830
5591;0;1831
5611;0;1832
5604;0;1833
5496;0;1834
5480;0;1835
5414;0;1836
5366;0;1837
5453;0;1838
5476;0;1839
5500;0;1840
5528;0;1841
5567;0;1842
5508;0;1843
5517;0;1844
5436;0;1845
5376;0;1846
5487;0;1847
5409;0;1848
5487;0;1849
5568;0;1850
5640;0;1851
5659;0;1852
5715;0;1853
5701;0;1854
5672;0;1855
5626;0;1856
5612;0;1857
5617;0;1858
5616;0;1859
5680;0;1860
5727;0;1861
5807;0;1862
5756;0;1863
5729;0;1864
5735;0;1865
5748;0;1866
5685;0;1867
5703;0;1868
5660;0;1869
5748;0;1870
5745;0;1871
5692;0;1872
5621;0;1873
5583;0;1874
5591;0;1875
5665;0;1876
5560;0;1877
5454;0;1878
5439;0;1879
5465;0;1880
5520;0;1881
5467;0;1882
5474;0;1883
5465;0;1884
5445;0;1885
5260;0;1886
5224;0;1887
5220;0;1888
5217;0;1889
5250;0;1890
5242;0;1891
5148;0;1892
5159;0;1893
5189;0;1894
5152;0;1895
5225;0;1896
5182;0;1897
5212;0;1898
5257;0;1899
5287;0;1900
5309;0;1901
5409;0;1902
5458;0;1903
5541;0;1904
5596;0;1905
5557;0;1906
5542;0;1907
5561;0;1908
5598;0;1909
5627;0;1910
5591;0;1911
5579;0;1912
5626;0;1913
5634;0;1914
5640;0;1915
5636;0;1916
5606;0;1917
5563;0;1918
5585;0;1919
5517;0;1920
5515;0;1921
5533;0;1922
5517;0;1923
5506;0;1924
5549;0;1925
5572;0;1926
5635;0;1927
5554;0;1928
5530;0;1929
5549;0;1930
5576;0;1931
5702;0;1932
5691;0;1933
5776;0;1934
5737;0;1935
5694;0;1936
5723;0;1937
5726;0;1938
5647;0;1939
5671;0;1940
5648;0;1941
5596;0;1942
5527;0;1943
5604;0;1944
5575;0;1945
5491;0;1946
5464;0;1947
5327;0;1948
5267;0;1949
5289;0;1950
5265;0;1951
5222;0;1952
5138;0;1953
5111;0;1954
5144;0;1955
5115;0;1956
5193;0;1957
5290;0;1958
5361;0;1959
5388;0;1960
5410;0;1961
5434;0;1962
5484;0;1963
5513;0;1964
5532;0;1965
5491;0;1966
5513;0;1967
5610;0;1968
5634;0;1969
5579;0;1970
5545;0;1971
5588;0;1972
5451;0;1973
5399;0;1974
5433;0;1975
5390;0;1976
5443;0;1977
5469;0;1978
5444;0;1979
5506;0;1980
5485;0;1981
5493;0;1982
5435;0;1983
5385;0;1984
5394;0;1985
5437;0;1986
5481;0;1987
5500;0;1988
5594;0;1989
5666;0;1990
5596;0;1991
5601;0;1992
5598;0;1993
5559;0;1994
5521;0;1995
5527;0;1996
5468;0;1997
5528;0;1998
5533;0;1999
