prey;predator;iteration
389;85;0
380;85;1
378;85;2
376;85;3
374;85;4
377;85;5
396;85;6
436;85;7
446;89;8
489;89;9
528;89;10
563;89;11
585;96;12
634;100;13
641;99;14
664;99;15
689;99;16
714;78;17
734;71;18
731;79;19
741;79;20
726;89;21
743;87;22
784;86;23
804;88;24
851;75;25
927;66;26
1003;71;27
1045;77;28
1123;81;29
1179;78;30
1210;77;31
1252;90;32
1275;90;33
1331;94;34
1411;93;35
1460;103;36
1565;104;37
1674;110;38
1737;108;39
1784;124;40
1902;135;41
2004;136;42
2073;139;43
2170;138;44
2256;139;45
2314;147;46
2446;157;47
2517;159;48
2569;168;49
2682;161;50
2724;172;51
2820;195;52
2872;199;53
2975;205;54
3025;208;55
3141;215;56
3242;222;57
3277;224;58
3356;229;59
3425;235;60
3465;238;61
3473;244;62
3495;260;63
3528;271;64
3634;280;65
3675;291;66
3675;288;67
3724;308;68
3706;330;69
3640;321;70
3679;343;71
3665;374;72
3672;390;73
3634;396;74
3566;400;75
3492;428;76
3485;432;77
3461;463;78
3484;473;79
3490;490;80
3489;499;81
3431;514;82
3380;531;83
3338;539;84
3340;560;85
3278;559;86
3197;583;87
3137;605;88
3050;601;89
2936;599;90
2849;648;91
2809;673;92
2776;705;93
2708;698;94
2620;718;95
2479;744;96
2387;757;97
2312;758;98
2229;745;99
2161;754;100
2065;751;101
2032;786;102
1922;815;103
1838;846;104
1815;869;105
1750;882;106
1698;900;107
1650;931;108
1627;949;109
1559;951;110
1541;952;111
1519;963;112
1459;956;113
1441;922;114
1386;906;115
1392;884;116
1339;880;117
1302;847;118
1335;846;119
1312;838;120
1255;812;121
1260;798;122
1245;774;123
1216;756;124
1185;730;125
1182;707;126
1157;681;127
1151;671;128
1131;636;129
1111;635;130
1122;623;131
1076;606;132
1060;598;133
1036;633;134
995;638;135
977;613;136
984;595;137
936;606;138
922;614;139
912;594;140
861;565;141
837;563;142
802;555;143
768;548;144
764;534;145
747;530;146
708;534;147
680;504;148
655;470;149
661;448;150
640;432;151
632;379;152
603;334;153
564;322;154
543;320;155
513;307;156
491;283;157
484;282;158
453;278;159
415;271;160
397;263;161
375;272;162
359;263;163
337;256;164
313;254;165
298;253;166
292;258;167
277;251;168
257;245;169
246;243;170
216;251;171
200;249;172
202;253;173
193;243;174
183;239;175
173;220;176
190;219;177
185;210;178
175;208;179
173;197;180
171;207;181
158;211;182
151;188;183
136;197;184
130;195;185
129;204;186
118;203;187
118;192;188
114;194;189
118;193;190
110;187;191
109;185;192
99;187;193
92;190;194
90;186;195
84;185;196
77;194;197
76;188;198
73;179;199
64;167;200
72;163;201
68;153;202
71;144;203
68;128;204
63;123;205
70;118;206
79;104;207
70;94;208
75;75;209
73;68;210
72;56;211
84;47;212
91;45;213
86;42;214
95;25;215
98;21;216
101;19;217
111;17;218
109;16;219
113;15;220
129;15;221
135;14;222
141;14;223
140;14;224
140;10;225
150;9;226
186;9;227
195;9;228
200;8;229
217;9;230
227;9;231
241;12;232
251;12;233
267;11;234
273;8;235
281;8;236
307;9;237
318;8;238
337;6;239
362;6;240
377;6;241
406;6;242
444;6;243
444;5;244
463;5;245
474;5;246
504;5;247
515;4;248
538;4;249
574;2;250
595;2;251
611;2;252
630;2;253
682;2;254
719;2;255
752;2;256
750;2;257
784;2;258
836;2;259
890;1;260
925;1;261
982;1;262
1043;1;263
1098;0;264
1114;0;265
1164;0;266
1238;0;267
1282;0;268
1333;0;269
1403;0;270
1516;0;271
1561;0;272
1671;0;273
1725;0;274
1803;0;275
1883;0;276
1965;0;277
2028;0;278
2164;0;279
2253;0;280
2335;0;281
2448;0;282
2532;0;283
2649;0;284
2747;0;285
2883;0;286
2970;0;287
3069;0;288
3116;0;289
3253;0;290
3425;0;291
3549;0;292
3693;0;293
3791;0;294
3895;0;295
3958;0;296
4055;0;297
4101;0;298
4249;0;299
4338;0;300
4422;0;301
4519;0;302
4597;0;303
4666;0;304
4809;0;305
4874;0;306
4845;0;307
4915;0;308
4951;0;309
5070;0;310
5149;0;311
5140;0;312
5136;0;313
5279;0;314
5317;0;315
5317;0;316
5299;0;317
5289;0;318
5360;0;319
5407;0;320
5404;0;321
5404;0;322
5449;0;323
5424;0;324
5419;0;325
5407;0;326
5374;0;327
5389;0;328
5381;0;329
5338;0;330
5347;0;331
5377;0;332
5440;0;333
5459;0;334
5456;0;335
5494;0;336
5523;0;337
5542;0;338
5562;0;339
5575;0;340
5561;0;341
5525;0;342
5602;0;343
5713;0;344
5747;0;345
5789;0;346
5714;0;347
5756;0;348
5799;0;349
5790;0;350
5743;0;351
5714;0;352
5736;0;353
5679;0;354
5637;0;355
5638;0;356
5657;0;357
5597;0;358
5507;0;359
5456;0;360
5468;0;361
5498;0;362
5437;0;363
5321;0;364
5333;0;365
5309;0;366
5314;0;367
5331;0;368
5199;0;369
5169;0;370
5199;0;371
5202;0;372
5161;0;373
5131;0;374
5125;0;375
5073;0;376
5060;0;377
5008;0;378
5089;0;379
5101;0;380
5084;0;381
5077;0;382
5089;0;383
5100;0;384
5188;0;385
5203;0;386
5213;0;387
5250;0;388
5336;0;389
5363;0;390
5372;0;391
5420;0;392
5429;0;393
5452;0;394
5424;0;395
5459;0;396
5458;0;397
5501;0;398
5543;0;399
5537;0;400
5541;0;401
5643;0;402
5659;0;403
5636;0;404
5474;0;405
5416;0;406
5433;0;407
5409;0;408
5424;0;409
5417;0;410
5435;0;411
5367;0;412
5390;0;413
5315;0;414
5246;0;415
5259;0;416
5228;0;417
5161;0;418
5172;0;419
5190;0;420
5227;0;421
5279;0;422
5315;0;423
5321;0;424
5305;0;425
5271;0;426
5260;0;427
5386;0;428
5385;0;429
5437;0;430
5461;0;431
5491;0;432
5459;0;433
5463;0;434
5490;0;435
5478;0;436
5461;0;437
5468;0;438
5476;0;439
5435;0;440
5434;0;441
5497;0;442
5488;0;443
5528;0;444
5496;0;445
5469;0;446
5440;0;447
5321;0;448
5332;0;449
5343;0;450
5271;0;451
5268;0;452
5379;0;453
5358;0;454
5281;0;455
5339;0;456
5326;0;457
5273;0;458
5232;0;459
5165;0;460
5166;0;461
5137;0;462
5099;0;463
5173;0;464
5176;0;465
5171;0;466
5176;0;467
5142;0;468
5079;0;469
5086;0;470
5106;0;471
5082;0;472
5163;0;473
5264;0;474
5257;0;475
5253;0;476
5307;0;477
5258;0;478
5273;0;479
5233;0;480
5227;0;481
5323;0;482
5341;0;483
5304;0;484
5282;0;485
5348;0;486
5350;0;487
5301;0;488
5303;0;489
5274;0;490
5313;0;491
5338;0;492
5325;0;493
5340;0;494
5286;0;495
5315;0;496
5342;0;497
5272;0;498
5234;0;499
5345;0;500
5348;0;501
5347;0;502
5328;0;503
5286;0;504
5247;0;505
5208;0;506
5207;0;507
5262;0;508
5288;0;509
5255;0;510
5320;0;511
5238;0;512
5143;0;513
5151;0;514
5193;0;515
5109;0;516
5062;0;517
4982;0;518
4995;0;519
5008;0;520
5016;0;521
4982;0;522
5029;0;523
4957;0;524
4909;0;525
4948;0;526
4939;0;527
4929;0;528
4952;0;529
4909;0;530
4872;0;531
4762;0;532
4747;0;533
4794;0;534
4798;0;535
4824;0;536
4815;0;537
4825;0;538
4835;0;539
4822;0;540
4847;0;541
4852;0;542
4839;0;543
4855;0;544
4910;0;545
4935;0;546
4954;0;547
5035;0;548
5042;0;549
5007;0;550
5010;0;551
5027;0;552
5047;0;553
5055;0;554
5054;0;555
5090;0;556
5207;0;557
5217;0;558
5242;0;559
5295;0;560
5337;0;561
5353;0;562
5335;0;563
5381;0;564
5438;0;565
5475;0;566
5514;0;567
5573;0;568
5633;0;569
5725;0;570
5783;0;571
5785;0;572
5709;0;573
5801;0;574
5785;0;575
5776;0;576
5802;0;577
5840;0;578
5885;0;579
5870;0;580
5872;0;581
5874;0;582
5825;0;583
5789;0;584
5707;0;585
5594;0;586
5572;0;587
5569;0;588
5559;0;589
5562;0;590
5537;0;591
5553;0;592
5528;0;593
5486;0;594
5498;0;595
5381;0;596
5410;0;597
5413;0;598
5429;0;599
5386;0;600
5383;0;601
5401;0;602
5386;0;603
5366;0;604
5397;0;605
5338;0;606
5291;0;607
5294;0;608
5260;0;609
5140;0;610
5174;0;611
5267;0;612
5227;0;613
5238;0;614
5240;0;615
5321;0;616
5334;0;617
5379;0;618
5432;0;619
5440;0;620
5438;0;621
5455;0;622
5485;0;623
5500;0;624
5558;0;625
5598;0;626
5629;0;627
5588;0;628
5609;0;629
5649;0;630
5619;0;631
5603;0;632
5614;0;633
5653;0;634
5628;0;635
5680;0;636
5602;0;637
5579;0;638
5700;0;639
5731;0;640
5706;0;641
5695;0;642
5647;0;643
5689;0;644
5657;0;645
5621;0;646
5642;0;647
5676;0;648
5667;0;649
5583;0;650
5542;0;651
5568;0;652
5649;0;653
5656;0;654
5590;0;655
5522;0;656
5542;0;657
5601;0;658
5604;0;659
5569;0;660
5579;0;661
5555;0;662
5516;0;663
5480;0;664
5507;0;665
5626;0;666
5676;0;667
5617;0;668
5577;0;669
5520;0;670
5580;0;671
5562;0;672
5550;0;673
5427;0;674
5419;0;675
5426;0;676
5370;0;677
5355;0;678
5284;0;679
5217;0;680
5156;0;681
5081;0;682
5009;0;683
5006;0;684
5024;0;685
5026;0;686
4994;0;687
5008;0;688
5008;0;689
5054;0;690
5053;0;691
5050;0;692
5063;0;693
5121;0;694
5119;0;695
5149;0;696
5168;0;697
5252;0;698
5323;0;699
5289;0;700
5319;0;701
5368;0;702
5383;0;703
5467;0;704
5443;0;705
5456;0;706
5499;0;707
5489;0;708
5567;0;709
5539;0;710
5600;0;711
5660;0;712
5596;0;713
5553;0;714
5585;0;715
5666;0;716
5663;0;717
5645;0;718
5652;0;719
5631;0;720
5687;0;721
5653;0;722
5569;0;723
5550;0;724
5540;0;725
5446;0;726
5461;0;727
5424;0;728
5448;0;729
5520;0;730
5469;0;731
5410;0;732
5452;0;733
5440;0;734
5496;0;735
5431;0;736
5412;0;737
5425;0;738
5447;0;739
5478;0;740
5475;0;741
5520;0;742
5492;0;743
5486;0;744
5412;0;745
5347;0;746
5362;0;747
5346;0;748
5285;0;749
5328;0;750
5394;0;751
5405;0;752
5333;0;753
5303;0;754
5265;0;755
5312;0;756
5313;0;757
5275;0;758
5219;0;759
5209;0;760
5174;0;761
5245;0;762
5245;0;763
5326;0;764
5313;0;765
5279;0;766
5229;0;767
5239;0;768
5283;0;769
5318;0;770
5284;0;771
5288;0;772
5273;0;773
5347;0;774
5425;0;775
5464;0;776
5498;0;777
5452;0;778
5364;0;779
5323;0;780
5312;0;781
5328;0;782
5316;0;783
5342;0;784
5346;0;785
5415;0;786
5477;0;787
5505;0;788
5485;0;789
5466;0;790
5454;0;791
5463;0;792
5487;0;793
5426;0;794
5387;0;795
5344;0;796
5381;0;797
5403;0;798
5512;0;799
5545;0;800
5532;0;801
5523;0;802
5504;0;803
5443;0;804
5508;0;805
5474;0;806
5409;0;807
5341;0;808
5385;0;809
5462;0;810
5467;0;811
5524;0;812
5550;0;813
5546;0;814
5522;0;815
5433;0;816
5422;0;817
5494;0;818
5414;0;819
5407;0;820
5425;0;821
5324;0;822
5377;0;823
5386;0;824
5274;0;825
5213;0;826
5183;0;827
5215;0;828
5127;0;829
5063;0;830
5003;0;831
5011;0;832
5033;0;833
4969;0;834
4999;0;835
5076;0;836
5082;0;837
5111;0;838
5111;0;839
5052;0;840
5077;0;841
5072;0;842
5079;0;843
5075;0;844
5162;0;845
5224;0;846
5270;0;847
5303;0;848
5316;0;849
5353;0;850
5298;0;851
5301;0;852
5332;0;853
5353;0;854
5376;0;855
5472;0;856
5509;0;857
5525;0;858
5512;0;859
5472;0;860
5467;0;861
5499;0;862
5510;0;863
5531;0;864
5484;0;865
5483;0;866
5502;0;867
5495;0;868
5504;0;869
5455;0;870
5474;0;871
5408;0;872
5431;0;873
5396;0;874
5446;0;875
5426;0;876
5440;0;877
5445;0;878
5459;0;879
5487;0;880
5517;0;881
5518;0;882
5488;0;883
5505;0;884
5493;0;885
5459;0;886
5341;0;887
5315;0;888
5281;0;889
5339;0;890
5292;0;891
5249;0;892
5145;0;893
5187;0;894
5195;0;895
5197;0;896
5156;0;897
5160;0;898
5208;0;899
5215;0;900
5221;0;901
5257;0;902
5338;0;903
5433;0;904
5476;0;905
5490;0;906
5568;0;907
5641;0;908
5677;0;909
5648;0;910
5735;0;911
5772;0;912
5769;0;913
5789;0;914
5798;0;915
5829;0;916
5838;0;917
5881;0;918
5823;0;919
5729;0;920
5762;0;921
5783;0;922
5746;0;923
5698;0;924
5675;0;925
5662;0;926
5607;0;927
5560;0;928
5523;0;929
5498;0;930
5473;0;931
5496;0;932
5407;0;933
5291;0;934
5239;0;935
5298;0;936
5233;0;937
5257;0;938
5338;0;939
5368;0;940
5336;0;941
5324;0;942
5359;0;943
5353;0;944
5306;0;945
5272;0;946
5295;0;947
5260;0;948
5300;0;949
5252;0;950
5300;0;951
5281;0;952
5240;0;953
5189;0;954
5082;0;955
4993;0;956
4992;0;957
5011;0;958
5038;0;959
5045;0;960
5024;0;961
5043;0;962
5009;0;963
4987;0;964
4981;0;965
5066;0;966
5159;0;967
5181;0;968
5208;0;969
5291;0;970
5379;0;971
5453;0;972
5492;0;973
5408;0;974
5379;0;975
5390;0;976
5404;0;977
5400;0;978
5447;0;979
5420;0;980
5468;0;981
5473;0;982
5387;0;983
5363;0;984
5333;0;985
5343;0;986
5336;0;987
5262;0;988
5326;0;989
5381;0;990
5320;0;991
5245;0;992
5322;0;993
5308;0;994
5296;0;995
5349;0;996
5387;0;997
5352;0;998
5423;0;999
5478;0;1000
5506;0;1001
5471;0;1002
5468;0;1003
5510;0;1004
5456;0;1005
5427;0;1006
5496;0;1007
5516;0;1008
5470;0;1009
5476;0;1010
5486;0;1011
5500;0;1012
5430;0;1013
5407;0;1014
5356;0;1015
5291;0;1016
5367;0;1017
5352;0;1018
5344;0;1019
5346;0;1020
5403;0;1021
5382;0;1022
5348;0;1023
5413;0;1024
5386;0;1025
5409;0;1026
5440;0;1027
5514;0;1028
5564;0;1029
5510;0;1030
5497;0;1031
5552;0;1032
5489;0;1033
5485;0;1034
5471;0;1035
5463;0;1036
5376;0;1037
5249;0;1038
5283;0;1039
5299;0;1040
5311;0;1041
5243;0;1042
5273;0;1043
5320;0;1044
5319;0;1045
5295;0;1046
5285;0;1047
5281;0;1048
5295;0;1049
5317;0;1050
5344;0;1051
5417;0;1052
5438;0;1053
5457;0;1054
5401;0;1055
5301;0;1056
5301;0;1057
5390;0;1058
5317;0;1059
5246;0;1060
5259;0;1061
5381;0;1062
5365;0;1063
5328;0;1064
5309;0;1065
5269;0;1066
5289;0;1067
5194;0;1068
5109;0;1069
5105;0;1070
5047;0;1071
5065;0;1072
5026;0;1073
5007;0;1074
5025;0;1075
5013;0;1076
5006;0;1077
4958;0;1078
4896;0;1079
4886;0;1080
4948;0;1081
4942;0;1082
4860;0;1083
4842;0;1084
4863;0;1085
4874;0;1086
4889;0;1087
4846;0;1088
4857;0;1089
4901;0;1090
4858;0;1091
4894;0;1092
4861;0;1093
4796;0;1094
4838;0;1095
4869;0;1096
4858;0;1097
4866;0;1098
4943;0;1099
5001;0;1100
5033;0;1101
4979;0;1102
5080;0;1103
5105;0;1104
5196;0;1105
5176;0;1106
5266;0;1107
5247;0;1108
5211;0;1109
5228;0;1110
5271;0;1111
5279;0;1112
5287;0;1113
5304;0;1114
5293;0;1115
5258;0;1116
5319;0;1117
5359;0;1118
5280;0;1119
5323;0;1120
5237;0;1121
5262;0;1122
5273;0;1123
5309;0;1124
5330;0;1125
5311;0;1126
5287;0;1127
5273;0;1128
5263;0;1129
5285;0;1130
5297;0;1131
5223;0;1132
5237;0;1133
5224;0;1134
5272;0;1135
5297;0;1136
5364;0;1137
5381;0;1138
5383;0;1139
5309;0;1140
5255;0;1141
5306;0;1142
5273;0;1143
5230;0;1144
5238;0;1145
5208;0;1146
5195;0;1147
5251;0;1148
5274;0;1149
5267;0;1150
5214;0;1151
5191;0;1152
5155;0;1153
5109;0;1154
5053;0;1155
5011;0;1156
5009;0;1157
5030;0;1158
5108;0;1159
5143;0;1160
5223;0;1161
5161;0;1162
5183;0;1163
5146;0;1164
5144;0;1165
5163;0;1166
5193;0;1167
5201;0;1168
5227;0;1169
5270;0;1170
5276;0;1171
5284;0;1172
5424;0;1173
5429;0;1174
5432;0;1175
5338;0;1176
5311;0;1177
5343;0;1178
5338;0;1179
5323;0;1180
5372;0;1181
5379;0;1182
5390;0;1183
5470;0;1184
5472;0;1185
5419;0;1186
5507;0;1187
5534;0;1188
5551;0;1189
5515;0;1190
5566;0;1191
5597;0;1192
5617;0;1193
5661;0;1194
5634;0;1195
5642;0;1196
5698;0;1197
5771;0;1198
5790;0;1199
5713;0;1200
5720;0;1201
5839;0;1202
5813;0;1203
5793;0;1204
5772;0;1205
5797;0;1206
5780;0;1207
5735;0;1208
5675;0;1209
5573;0;1210
5542;0;1211
5588;0;1212
5592;0;1213
5584;0;1214
5583;0;1215
5596;0;1216
5525;0;1217
5429;0;1218
5382;0;1219
5324;0;1220
5326;0;1221
5220;0;1222
5132;0;1223
5168;0;1224
5280;0;1225
5257;0;1226
5233;0;1227
5194;0;1228
5130;0;1229
5141;0;1230
5120;0;1231
5109;0;1232
5199;0;1233
5176;0;1234
5218;0;1235
5288;0;1236
5285;0;1237
5317;0;1238
5389;0;1239
5331;0;1240
5332;0;1241
5273;0;1242
5305;0;1243
5240;0;1244
5223;0;1245
5188;0;1246
5203;0;1247
5178;0;1248
5142;0;1249
5188;0;1250
5233;0;1251
5161;0;1252
5106;0;1253
5004;0;1254
4981;0;1255
4958;0;1256
4939;0;1257
5003;0;1258
5032;0;1259
5099;0;1260
5133;0;1261
5149;0;1262
5106;0;1263
5184;0;1264
5247;0;1265
5256;0;1266
5227;0;1267
5211;0;1268
5218;0;1269
5284;0;1270
5275;0;1271
5277;0;1272
5301;0;1273
5328;0;1274
5338;0;1275
5342;0;1276
5295;0;1277
5341;0;1278
5369;0;1279
5238;0;1280
5221;0;1281
5221;0;1282
5166;0;1283
5269;0;1284
5292;0;1285
5311;0;1286
5322;0;1287
5412;0;1288
5393;0;1289
5372;0;1290
5357;0;1291
5436;0;1292
5449;0;1293
5401;0;1294
5387;0;1295
5469;0;1296
5430;0;1297
5421;0;1298
5360;0;1299
5277;0;1300
5242;0;1301
5315;0;1302
5289;0;1303
5288;0;1304
5334;0;1305
5271;0;1306
5298;0;1307
5241;0;1308
5325;0;1309
5380;0;1310
5470;0;1311
5422;0;1312
5407;0;1313
5402;0;1314
5443;0;1315
5556;0;1316
5551;0;1317
5521;0;1318
5529;0;1319
5486;0;1320
5469;0;1321
5529;0;1322
5536;0;1323
5494;0;1324
5438;0;1325
5415;0;1326
5406;0;1327
5467;0;1328
5533;0;1329
5562;0;1330
5550;0;1331
5458;0;1332
5503;0;1333
5503;0;1334
5415;0;1335
5390;0;1336
5362;0;1337
5381;0;1338
5296;0;1339
5312;0;1340
5305;0;1341
5337;0;1342
5329;0;1343
5343;0;1344
5239;0;1345
5223;0;1346
5258;0;1347
5316;0;1348
5392;0;1349
5393;0;1350
5402;0;1351
5355;0;1352
5379;0;1353
5295;0;1354
5303;0;1355
5312;0;1356
5351;0;1357
5370;0;1358
5302;0;1359
5300;0;1360
5366;0;1361
5409;0;1362
5439;0;1363
5430;0;1364
5345;0;1365
5361;0;1366
5430;0;1367
5493;0;1368
5471;0;1369
5485;0;1370
5543;0;1371
5573;0;1372
5588;0;1373
5485;0;1374
5457;0;1375
5469;0;1376
5488;0;1377
5455;0;1378
5431;0;1379
5404;0;1380
5380;0;1381
5402;0;1382
5460;0;1383
5462;0;1384
5451;0;1385
5529;0;1386
5504;0;1387
5548;0;1388
5534;0;1389
5573;0;1390
5682;0;1391
5674;0;1392
5570;0;1393
5531;0;1394
5561;0;1395
5592;0;1396
5609;0;1397
5598;0;1398
5612;0;1399
5646;0;1400
5594;0;1401
5620;0;1402
5686;0;1403
5597;0;1404
5535;0;1405
5506;0;1406
5424;0;1407
5463;0;1408
5501;0;1409
5562;0;1410
5565;0;1411
5509;0;1412
5457;0;1413
5434;0;1414
5379;0;1415
5307;0;1416
5364;0;1417
5291;0;1418
5268;0;1419
5318;0;1420
5391;0;1421
5332;0;1422
5306;0;1423
5207;0;1424
5241;0;1425
5241;0;1426
5252;0;1427
5371;0;1428
5442;0;1429
5454;0;1430
5473;0;1431
5481;0;1432
5413;0;1433
5446;0;1434
5439;0;1435
5397;0;1436
5382;0;1437
5388;0;1438
5383;0;1439
5452;0;1440
5420;0;1441
5346;0;1442
5370;0;1443
5322;0;1444
5309;0;1445
5334;0;1446
5339;0;1447
5393;0;1448
5439;0;1449
5478;0;1450
5404;0;1451
5330;0;1452
5360;0;1453
5407;0;1454
5387;0;1455
5400;0;1456
5458;0;1457
5470;0;1458
5404;0;1459
5355;0;1460
5339;0;1461
5305;0;1462
5308;0;1463
5373;0;1464
5370;0;1465
5277;0;1466
5322;0;1467
5345;0;1468
5348;0;1469
5310;0;1470
5265;0;1471
5304;0;1472
5255;0;1473
5349;0;1474
5388;0;1475
5424;0;1476
5449;0;1477
5449;0;1478
5485;0;1479
5470;0;1480
5531;0;1481
5504;0;1482
5492;0;1483
5488;0;1484
5501;0;1485
5523;0;1486
5618;0;1487
5543;0;1488
5504;0;1489
5541;0;1490
5492;0;1491
5440;0;1492
5389;0;1493
5423;0;1494
5406;0;1495
5366;0;1496
5325;0;1497
5342;0;1498
5412;0;1499
5414;0;1500
5378;0;1501
5394;0;1502
5394;0;1503
5382;0;1504
5356;0;1505
5272;0;1506
5277;0;1507
5318;0;1508
5358;0;1509
5314;0;1510
5267;0;1511
5323;0;1512
5307;0;1513
5322;0;1514
5298;0;1515
5303;0;1516
5309;0;1517
5290;0;1518
5298;0;1519
5289;0;1520
5300;0;1521
5321;0;1522
5367;0;1523
5420;0;1524
5411;0;1525
5363;0;1526
5370;0;1527
5318;0;1528
5342;0;1529
5290;0;1530
5269;0;1531
5236;0;1532
5265;0;1533
5286;0;1534
5159;0;1535
5190;0;1536
5205;0;1537
5239;0;1538
5216;0;1539
5158;0;1540
5155;0;1541
5164;0;1542
5197;0;1543
5240;0;1544
5256;0;1545
5299;0;1546
5347;0;1547
5321;0;1548
5374;0;1549
5367;0;1550
5402;0;1551
5420;0;1552
5433;0;1553
5467;0;1554
5482;0;1555
5548;0;1556
5543;0;1557
5616;0;1558
5600;0;1559
5570;0;1560
5532;0;1561
5495;0;1562
5492;0;1563
5503;0;1564
5468;0;1565
5443;0;1566
5461;0;1567
5436;0;1568
5453;0;1569
5389;0;1570
5363;0;1571
5300;0;1572
5329;0;1573
5311;0;1574
5347;0;1575
5279;0;1576
5297;0;1577
5372;0;1578
5304;0;1579
5274;0;1580
5261;0;1581
5217;0;1582
5205;0;1583
5178;0;1584
5183;0;1585
5266;0;1586
5276;0;1587
5350;0;1588
5345;0;1589
5302;0;1590
5280;0;1591
5302;0;1592
5303;0;1593
5265;0;1594
5280;0;1595
5207;0;1596
5189;0;1597
5246;0;1598
5328;0;1599
5368;0;1600
5397;0;1601
5400;0;1602
5445;0;1603
5368;0;1604
5341;0;1605
5310;0;1606
5322;0;1607
5409;0;1608
5373;0;1609
5338;0;1610
5373;0;1611
5507;0;1612
5505;0;1613
5457;0;1614
5400;0;1615
5365;0;1616
5312;0;1617
5263;0;1618
5234;0;1619
5259;0;1620
5235;0;1621
5285;0;1622
5306;0;1623
5212;0;1624
5267;0;1625
5245;0;1626
5228;0;1627
5113;0;1628
5135;0;1629
5220;0;1630
5237;0;1631
5256;0;1632
5258;0;1633
5306;0;1634
5321;0;1635
5275;0;1636
5281;0;1637
5273;0;1638
5205;0;1639
5217;0;1640
5172;0;1641
5197;0;1642
5175;0;1643
5194;0;1644
5222;0;1645
5123;0;1646
5106;0;1647
5094;0;1648
5116;0;1649
5139;0;1650
5129;0;1651
5191;0;1652
5155;0;1653
5151;0;1654
5221;0;1655
5259;0;1656
5306;0;1657
5289;0;1658
5352;0;1659
5336;0;1660
5358;0;1661
5417;0;1662
5442;0;1663
5466;0;1664
5484;0;1665
5475;0;1666
5432;0;1667
5431;0;1668
5444;0;1669
5399;0;1670
5404;0;1671
5376;0;1672
5375;0;1673
5423;0;1674
5372;0;1675
5403;0;1676
5470;0;1677
5454;0;1678
5421;0;1679
5440;0;1680
5456;0;1681
5416;0;1682
5479;0;1683
5452;0;1684
5452;0;1685
5410;0;1686
5379;0;1687
5399;0;1688
5410;0;1689
5386;0;1690
5379;0;1691
5369;0;1692
5269;0;1693
5257;0;1694
5284;0;1695
5323;0;1696
5347;0;1697
5370;0;1698
5333;0;1699
5337;0;1700
5290;0;1701
5371;0;1702
5375;0;1703
5383;0;1704
5418;0;1705
5423;0;1706
5465;0;1707
5435;0;1708
5428;0;1709
5419;0;1710
5483;0;1711
5435;0;1712
5364;0;1713
5296;0;1714
5231;0;1715
5246;0;1716
5218;0;1717
5192;0;1718
5222;0;1719
5157;0;1720
5065;0;1721
5069;0;1722
4989;0;1723
4985;0;1724
4979;0;1725
5013;0;1726
5007;0;1727
5028;0;1728
4988;0;1729
4990;0;1730
5043;0;1731
5015;0;1732
5045;0;1733
5052;0;1734
5073;0;1735
5062;0;1736
5133;0;1737
5134;0;1738
5129;0;1739
5165;0;1740
5159;0;1741
5169;0;1742
5219;0;1743
5206;0;1744
5242;0;1745
5247;0;1746
5255;0;1747
5226;0;1748
5275;0;1749
5234;0;1750
5310;0;1751
5290;0;1752
5328;0;1753
5364;0;1754
5442;0;1755
5434;0;1756
5465;0;1757
5455;0;1758
5433;0;1759
5452;0;1760
5459;0;1761
5453;0;1762
5447;0;1763
5483;0;1764
5511;0;1765
5555;0;1766
5542;0;1767
5556;0;1768
5551;0;1769
5515;0;1770
5571;0;1771
5566;0;1772
5571;0;1773
5562;0;1774
5563;0;1775
5556;0;1776
5637;0;1777
5666;0;1778
5624;0;1779
5588;0;1780
5512;0;1781
5517;0;1782
5477;0;1783
5484;0;1784
5480;0;1785
5535;0;1786
5468;0;1787
5439;0;1788
5428;0;1789
5366;0;1790
5377;0;1791
5392;0;1792
5326;0;1793
5347;0;1794
5408;0;1795
5338;0;1796
5373;0;1797
5363;0;1798
5401;0;1799
5402;0;1800
5422;0;1801
5418;0;1802
5443;0;1803
5411;0;1804
5347;0;1805
5329;0;1806
5281;0;1807
5251;0;1808
5255;0;1809
5206;0;1810
5149;0;1811
5167;0;1812
5114;0;1813
5085;0;1814
5173;0;1815
5231;0;1816
5193;0;1817
5149;0;1818
5113;0;1819
5112;0;1820
5159;0;1821
5199;0;1822
5201;0;1823
5209;0;1824
5193;0;1825
5219;0;1826
5252;0;1827
5315;0;1828
5311;0;1829
5227;0;1830
5160;0;1831
5133;0;1832
5186;0;1833
5200;0;1834
5155;0;1835
5170;0;1836
5232;0;1837
5181;0;1838
5207;0;1839
5171;0;1840
5142;0;1841
5183;0;1842
5123;0;1843
5070;0;1844
5072;0;1845
5081;0;1846
5090;0;1847
5046;0;1848
4969;0;1849
5027;0;1850
5097;0;1851
5101;0;1852
5043;0;1853
5029;0;1854
5012;0;1855
4993;0;1856
4934;0;1857
4885;0;1858
4905;0;1859
4982;0;1860
4921;0;1861
4942;0;1862
4961;0;1863
5011;0;1864
5016;0;1865
5011;0;1866
4910;0;1867
4888;0;1868
4931;0;1869
4903;0;1870
4939;0;1871
4973;0;1872
5022;0;1873
5048;0;1874
5047;0;1875
5022;0;1876
5066;0;1877
5129;0;1878
5130;0;1879
5163;0;1880
5160;0;1881
5159;0;1882
5222;0;1883
5205;0;1884
5201;0;1885
5264;0;1886
5255;0;1887
5223;0;1888
5181;0;1889
5225;0;1890
5243;0;1891
5286;0;1892
5306;0;1893
5343;0;1894
5451;0;1895
5465;0;1896
5501;0;1897
5545;0;1898
5608;0;1899
5584;0;1900
5536;0;1901
5539;0;1902
5543;0;1903
5525;0;1904
5518;0;1905
5488;0;1906
5525;0;1907
5463;0;1908
5451;0;1909
5410;0;1910
5314;0;1911
5439;0;1912
5395;0;1913
5335;0;1914
5311;0;1915
5344;0;1916
5354;0;1917
5251;0;1918
5276;0;1919
5267;0;1920
5303;0;1921
5288;0;1922
5261;0;1923
5289;0;1924
5315;0;1925
5315;0;1926
5346;0;1927
5316;0;1928
5273;0;1929
5273;0;1930
5313;0;1931
5345;0;1932
5401;0;1933
5472;0;1934
5450;0;1935
5434;0;1936
5381;0;1937
5408;0;1938
5446;0;1939
5408;0;1940
5409;0;1941
5408;0;1942
5440;0;1943
5484;0;1944
5529;0;1945
5477;0;1946
5387;0;1947
5390;0;1948
5449;0;1949
5442;0;1950
5337;0;1951
5347;0;1952
5326;0;1953
5306;0;1954
5224;0;1955
5191;0;1956
5183;0;1957
5128;0;1958
5102;0;1959
5108;0;1960
5143;0;1961
5191;0;1962
5217;0;1963
5175;0;1964
5129;0;1965
5163;0;1966
5255;0;1967
5238;0;1968
5212;0;1969
5190;0;1970
5225;0;1971
5212;0;1972
5189;0;1973
5197;0;1974
5189;0;1975
5099;0;1976
5087;0;1977
5065;0;1978
5070;0;1979
5136;0;1980
5162;0;1981
5123;0;1982
5099;0;1983
5227;0;1984
5261;0;1985
5340;0;1986
5369;0;1987
5319;0;1988
5341;0;1989
5316;0;1990
5354;0;1991
5376;0;1992
5381;0;1993
5399;0;1994
5451;0;1995
5443;0;1996
5434;0;1997
5391;0;1998
5415;0;1999
