prey;predator;iteration
411;83;0
406;83;1
401;83;2
400;83;3
401;83;4
417;83;5
437;83;6
482;83;7
533;83;8
591;83;9
639;96;10
682;95;11
718;94;12
749;93;13
776;97;14
788;94;15
810;97;16
851;67;17
860;67;18
859;65;19
858;65;20
884;62;21
912;64;22
996;72;23
1026;66;24
1101;72;25
1119;73;26
1173;83;27
1212;81;28
1281;86;29
1352;90;30
1419;94;31
1533;92;32
1620;92;33
1661;97;34
1739;101;35
1816;99;36
1894;113;37
1944;119;38
2025;119;39
2169;117;40
2229;113;41
2350;112;42
2422;106;43
2538;102;44
2628;104;45
2740;108;46
2804;117;47
2911;118;48
2950;121;49
3051;130;50
3158;138;51
3218;142;52
3296;132;53
3374;139;54
3488;136;55
3461;143;56
3495;142;57
3545;148;58
3577;165;59
3647;179;60
3706;188;61
3714;194;62
3730;194;63
3762;209;64
3827;214;65
3818;215;66
3835;220;67
3873;230;68
3896;234;69
3909;242;70
3891;242;71
3949;268;72
4012;279;73
4011;294;74
3966;312;75
3996;321;76
3947;330;77
3897;359;78
3876;384;79
3826;399;80
3806;404;81
3833;417;82
3793;434;83
3714;449;84
3590;457;85
3512;462;86
3375;482;87
3262;498;88
3158;522;89
3082;540;90
3028;549;91
2941;585;92
2897;636;93
2830;687;94
2747;718;95
2687;728;96
2570;755;97
2478;780;98
2407;813;99
2392;841;100
2315;871;101
2230;922;102
2188;982;103
2118;998;104
2063;1004;105
1934;1025;106
1833;1055;107
1702;1077;108
1618;1061;109
1529;1074;110
1421;1079;111
1283;1072;112
1233;1071;113
1120;1046;114
1047;1038;115
924;1035;116
839;1031;117
761;1023;118
679;1001;119
600;966;120
536;912;121
463;903;122
426;898;123
373;883;124
329;870;125
287;830;126
269;808;127
253;759;128
230;723;129
213;686;130
184;664;131
161;639;132
150;602;133
142;567;134
136;548;135
117;515;136
118;483;137
112;434;138
116;415;139
104;379;140
97;347;141
95;317;142
83;295;143
75;284;144
59;268;145
54;260;146
50;256;147
54;246;148
52;227;149
51;211;150
51;192;151
50;176;152
42;146;153
46;139;154
41;139;155
41;135;156
37;120;157
33;113;158
29;108;159
25;104;160
25;94;161
29;85;162
35;73;163
35;63;164
33;51;165
31;50;166
34;41;167
33;37;168
36;36;169
35;25;170
35;23;171
36;20;172
39;14;173
39;14;174
41;13;175
45;13;176
42;16;177
41;15;178
50;15;179
58;15;180
57;15;181
53;18;182
53;17;183
50;13;184
47;13;185
50;13;186
56;13;187
56;13;188
60;15;189
69;15;190
70;15;191
66;14;192
70;13;193
70;13;194
81;13;195
76;12;196
85;12;197
81;12;198
90;12;199
93;9;200
98;8;201
94;8;202
92;8;203
91;7;204
97;7;205
105;7;206
106;3;207
109;3;208
100;3;209
95;3;210
109;3;211
102;3;212
103;3;213
113;3;214
123;2;215
135;2;216
148;6;217
144;6;218
145;6;219
144;6;220
142;6;221
147;5;222
146;5;223
152;5;224
156;5;225
177;5;226
179;5;227
173;5;228
187;5;229
197;7;230
221;7;231
239;7;232
241;6;233
248;6;234
259;5;235
256;5;236
273;7;237
288;7;238
302;7;239
318;7;240
337;7;241
343;6;242
374;6;243
391;5;244
398;8;245
410;8;246
456;8;247
487;6;248
496;6;249
528;6;250
564;6;251
595;6;252
599;6;253
618;6;254
667;6;255
687;6;256
723;6;257
759;5;258
815;14;259
851;14;260
912;14;261
942;14;262
1015;13;263
1053;15;264
1085;16;265
1120;16;266
1181;16;267
1224;16;268
1298;16;269
1341;21;270
1391;21;271
1436;19;272
1476;19;273
1541;19;274
1615;20;275
1662;21;276
1748;19;277
1798;19;278
1859;27;279
1972;31;280
2073;30;281
2132;29;282
2233;26;283
2266;28;284
2312;27;285
2349;29;286
2383;29;287
2452;28;288
2554;28;289
2613;28;290
2666;32;291
2752;32;292
2782;31;293
2851;39;294
2928;39;295
2959;48;296
3009;50;297
3112;59;298
3213;65;299
3262;68;300
3361;66;301
3501;66;302
3551;74;303
3620;77;304
3705;77;305
3779;73;306
3823;77;307
3928;82;308
4076;89;309
4226;103;310
4311;110;311
4363;117;312
4400;117;313
4464;130;314
4489;146;315
4495;151;316
4527;154;317
4525;156;318
4538;159;319
4663;163;320
4681;173;321
4734;181;322
4752;180;323
4795;183;324
4755;187;325
4765;195;326
4766;223;327
4781;216;328
4786;221;329
4766;212;330
4846;218;331
4829;228;332
4807;224;333
4751;222;334
4793;227;335
4744;244;336
4766;237;337
4765;226;338
4704;224;339
4641;232;340
4596;252;341
4529;259;342
4534;250;343
4497;252;344
4450;245;345
4371;253;346
4251;257;347
4266;259;348
4188;271;349
4206;264;350
4132;281;351
4076;285;352
4051;273;353
3982;266;354
3983;272;355
3924;271;356
3887;281;357
3858;285;358
3780;270;359
3778;255;360
3751;276;361
3718;285;362
3678;275;363
3615;270;364
3660;268;365
3628;272;366
3627;264;367
3629;271;368
3552;279;369
3504;290;370
3480;298;371
3499;302;372
3495;305;373
3485;315;374
3504;310;375
3447;309;376
3449;315;377
3461;318;378
3455;323;379
3484;313;380
3467;308;381
3454;312;382
3410;329;383
3334;343;384
3297;350;385
3283;346;386
3252;349;387
3241;343;388
3202;338;389
3173;341;390
3148;351;391
3125;367;392
3043;376;393
2985;383;394
2931;386;395
2905;385;396
2917;374;397
2871;407;398
2834;430;399
2820;442;400
2780;427;401
2730;412;402
2688;414;403
2573;424;404
2545;429;405
2528;435;406
2460;438;407
2404;474;408
2368;480;409
2337;493;410
2301;508;411
2242;520;412
2187;524;413
2116;533;414
2084;544;415
2038;551;416
2013;549;417
1965;547;418
1900;553;419
1921;580;420
1908;560;421
1868;551;422
1847;554;423
1822;548;424
1803;547;425
1747;524;426
1719;520;427
1685;519;428
1624;508;429
1591;506;430
1542;518;431
1463;542;432
1412;544;433
1349;523;434
1302;510;435
1225;517;436
1161;516;437
1100;492;438
1038;492;439
1012;507;440
988;498;441
958;512;442
913;519;443
862;511;444
835;526;445
785;527;446
747;545;447
758;555;448
741;537;449
724;527;450
703;523;451
677;529;452
631;512;453
605;497;454
595;484;455
550;482;456
531;480;457
500;459;458
479;451;459
458;456;460
428;437;461
416;421;462
409;391;463
391;389;464
381;365;465
371;363;466
360;365;467
345;366;468
325;350;469
297;339;470
284;343;471
266;342;472
240;330;473
237;321;474
228;317;475
227;305;476
222;286;477
220;271;478
192;253;479
178;258;480
160;252;481
161;228;482
163;211;483
145;192;484
143;174;485
137;150;486
130;138;487
137;126;488
137;114;489
127;97;490
128;97;491
126;102;492
131;93;493
129;97;494
131;92;495
128;84;496
132;74;497
131;65;498
126;60;499
135;54;500
134;52;501
146;50;502
148;48;503
161;48;504
186;49;505
188;45;506
189;43;507
201;40;508
196;39;509
195;32;510
197;29;511
206;24;512
221;22;513
238;20;514
264;28;515
271;32;516
276;30;517
294;30;518
292;29;519
298;27;520
319;27;521
319;26;522
330;24;523
345;23;524
346;22;525
355;26;526
385;25;527
401;33;528
408;37;529
432;35;530
446;34;531
472;46;532
504;48;533
510;56;534
520;59;535
521;61;536
534;61;537
552;67;538
590;69;539
598;69;540
626;72;541
650;75;542
666;81;543
678;79;544
708;78;545
719;79;546
773;82;547
795;85;548
826;93;549
840;93;550
857;91;551
894;96;552
947;95;553
981;102;554
1008;108;555
1048;117;556
1089;115;557
1150;114;558
1199;115;559
1234;115;560
1276;115;561
1303;119;562
1352;120;563
1402;129;564
1450;126;565
1485;124;566
1544;119;567
1608;127;568
1682;130;569
1752;145;570
1798;147;571
1846;155;572
1948;159;573
1985;154;574
2021;173;575
2065;181;576
2148;191;577
2256;196;578
2324;199;579
2392;206;580
2469;225;581
2516;220;582
2524;218;583
2537;226;584
2599;233;585
2694;234;586
2724;238;587
2775;245;588
2850;274;589
2940;300;590
3033;298;591
3030;320;592
3032;322;593
3034;326;594
3089;318;595
3124;333;596
3130;345;597
3165;344;598
3197;348;599
3292;360;600
3295;366;601
3263;371;602
3289;376;603
3294;388;604
3296;391;605
3287;391;606
3273;380;607
3262;369;608
3263;374;609
3197;383;610
3214;403;611
3189;406;612
3176;413;613
3182;409;614
3181;431;615
3124;429;616
3139;411;617
3123;410;618
3127;406;619
3084;386;620
3029;400;621
3040;393;622
3001;396;623
2995;402;624
3008;411;625
3046;417;626
3024;414;627
3003;420;628
2968;405;629
2941;406;630
2922;402;631
2924;402;632
2869;394;633
2873;400;634
2844;422;635
2816;427;636
2770;425;637
2673;421;638
2649;409;639
2702;434;640
2662;447;641
2567;441;642
2534;453;643
2475;465;644
2415;469;645
2339;461;646
2339;472;647
2336;478;648
2293;514;649
2231;536;650
2182;544;651
2119;543;652
2085;543;653
2096;546;654
2052;563;655
1951;582;656
1915;574;657
1910;578;658
1860;581;659
1833;577;660
1777;564;661
1778;561;662
1757;572;663
1748;570;664
1701;582;665
1663;574;666
1601;552;667
1584;544;668
1553;547;669
1493;539;670
1486;551;671
1446;577;672
1461;599;673
1455;600;674
1429;610;675
1392;602;676
1385;594;677
1338;598;678
1258;596;679
1190;600;680
1170;614;681
1149;596;682
1120;579;683
1075;595;684
1057;604;685
1033;604;686
994;612;687
966;617;688
912;600;689
844;567;690
820;544;691
802;547;692
775;536;693
750;530;694
740;511;695
719;506;696
703;514;697
704;514;698
718;511;699
710;510;700
702;493;701
681;469;702
656;494;703
641;495;704
650;478;705
673;465;706
655;455;707
659;445;708
649;453;709
667;453;710
672;447;711
688;426;712
686;412;713
660;405;714
653;405;715
662;400;716
658;392;717
665;385;718
674;383;719
656;387;720
649;371;721
649;372;722
658;351;723
648;335;724
656;317;725
639;309;726
660;287;727
639;278;728
629;276;729
630;261;730
637;259;731
645;238;732
643;214;733
669;216;734
686;218;735
690;208;736
691;199;737
710;193;738
734;189;739
723;195;740
722;206;741
715;205;742
707;198;743
705;189;744
711;191;745
694;183;746
721;180;747
717;178;748
732;169;749
726;171;750
715;179;751
726;171;752
731;180;753
729;190;754
747;196;755
750;194;756
737;201;757
746;195;758
784;197;759
788;202;760
784;198;761
783;210;762
802;208;763
837;211;764
841;218;765
836;218;766
878;213;767
886;207;768
896;198;769
923;203;770
939;191;771
987;183;772
1033;209;773
1054;213;774
1046;204;775
1082;201;776
1089;202;777
1131;193;778
1116;187;779
1128;170;780
1171;159;781
1202;158;782
1191;157;783
1267;147;784
1293;146;785
1307;149;786
1319;145;787
1320;143;788
1377;140;789
1399;136;790
1415;116;791
1453;97;792
1535;97;793
1570;101;794
1607;93;795
1637;96;796
1673;88;797
1758;88;798
1861;97;799
1889;89;800
1941;81;801
2024;81;802
2065;84;803
2121;80;804
2166;88;805
2197;85;806
2255;84;807
2332;93;808
2366;101;809
2408;104;810
2474;112;811
2518;114;812
2605;114;813
2658;113;814
2708;125;815
2752;126;816
2799;123;817
2920;135;818
2982;139;819
3077;148;820
3111;150;821
3221;149;822
3306;153;823
3326;156;824
3358;168;825
3416;169;826
3491;163;827
3521;164;828
3602;178;829
3597;191;830
3677;193;831
3704;195;832
3757;190;833
3747;186;834
3803;189;835
3801;196;836
3835;205;837
3815;200;838
3809;197;839
3889;204;840
3921;211;841
3908;228;842
3901;236;843
3896;239;844
3901;245;845
3947;259;846
3901;250;847
3939;251;848
3920;250;849
3854;261;850
3819;275;851
3793;296;852
3726;300;853
3712;311;854
3676;318;855
3557;365;856
3528;388;857
3507;402;858
3432;417;859
3427;419;860
3373;449;861
3275;458;862
3237;469;863
3139;471;864
3098;497;865
3081;541;866
3012;562;867
2966;568;868
2930;593;869
2882;612;870
2847;631;871
2812;646;872
2756;648;873
2725;627;874
2669;633;875
2635;639;876
2588;669;877
2549;683;878
2501;685;879
2452;701;880
2397;704;881
2360;728;882
2302;720;883
2223;701;884
2145;690;885
2091;713;886
2047;702;887
2020;694;888
2024;691;889
2011;704;890
1982;703;891
1946;721;892
1879;706;893
1814;719;894
1752;700;895
1676;691;896
1682;708;897
1669;718;898
1669;719;899
1658;709;900
1631;714;901
1595;716;902
1558;725;903
1517;731;904
1467;738;905
1395;728;906
1353;707;907
1306;683;908
1301;662;909
1278;638;910
1265;639;911
1241;616;912
1176;617;913
1142;601;914
1101;582;915
1066;567;916
1044;543;917
1008;530;918
1016;496;919
1009;499;920
1002;466;921
1010;436;922
982;411;923
977;389;924
930;387;925
911;366;926
890;348;927
884;341;928
859;350;929
860;336;930
830;324;931
790;320;932
774;317;933
761;306;934
720;298;935
702;293;936
686;288;937
699;270;938
702;276;939
706;268;940
693;262;941
680;272;942
655;274;943
645;275;944
621;268;945
614;269;946
595;254;947
581;262;948
557;258;949
549;251;950
539;240;951
507;246;952
478;241;953
445;235;954
401;231;955
381;231;956
367;242;957
351;230;958
345;226;959
308;229;960
319;236;961
324;244;962
307;246;963
296;244;964
276;257;965
276;254;966
279;254;967
259;259;968
251;256;969
243;247;970
232;237;971
226;241;972
229;235;973
237;229;974
214;199;975
206;204;976
197;205;977
188;198;978
194;187;979
196;181;980
194;174;981
183;169;982
180;157;983
173;155;984
169;156;985
171;154;986
176;151;987
174;135;988
171;133;989
154;121;990
148;114;991
149;109;992
150;118;993
161;110;994
176;106;995
187;101;996
196;109;997
195;101;998
195;105;999
194;105;1000
185;103;1001
184;96;1002
183;91;1003
186;84;1004
192;88;1005
196;82;1006
213;78;1007
212;82;1008
225;82;1009
229;85;1010
218;75;1011
222;69;1012
222;62;1013
221;62;1014
241;57;1015
239;54;1016
244;52;1017
239;52;1018
239;48;1019
239;48;1020
230;49;1021
227;53;1022
241;53;1023
263;60;1024
266;59;1025
278;55;1026
281;55;1027
284;54;1028
310;58;1029
331;58;1030
327;58;1031
330;69;1032
323;72;1033
337;71;1034
346;70;1035
361;74;1036
364;72;1037
374;70;1038
390;66;1039
405;66;1040
419;67;1041
430;70;1042
426;78;1043
426;76;1044
439;78;1045
430;87;1046
427;86;1047
446;83;1048
454;82;1049
459;72;1050
487;77;1051
488;83;1052
505;91;1053
533;93;1054
551;95;1055
550;93;1056
557;98;1057
607;115;1058
625;117;1059
632;129;1060
620;126;1061
631;123;1062
671;133;1063
689;131;1064
722;136;1065
726;137;1066
754;142;1067
793;145;1068
801;143;1069
819;149;1070
851;164;1071
898;178;1072
899;174;1073
952;173;1074
981;175;1075
1020;187;1076
1060;199;1077
1092;205;1078
1104;212;1079
1125;208;1080
1128;210;1081
1183;220;1082
1199;224;1083
1190;242;1084
1205;246;1085
1212;264;1086
1211;262;1087
1210;273;1088
1242;275;1089
1239;256;1090
1262;256;1091
1247;259;1092
1234;267;1093
1232;279;1094
1277;287;1095
1300;289;1096
1313;297;1097
1295;295;1098
1299;295;1099
1334;308;1100
1374;317;1101
1413;320;1102
1415;318;1103
1436;310;1104
1469;320;1105
1474;325;1106
1481;326;1107
1523;352;1108
1577;354;1109
1614;374;1110
1597;365;1111
1613;369;1112
1633;371;1113
1645;367;1114
1675;369;1115
1695;373;1116
1728;384;1117
1729;396;1118
1775;409;1119
1815;426;1120
1840;427;1121
1855;436;1122
1857;461;1123
1872;481;1124
1866;522;1125
1887;523;1126
1879;520;1127
1850;513;1128
1843;516;1129
1870;510;1130
1911;514;1131
1942;507;1132
1968;504;1133
1991;491;1134
2008;488;1135
2071;484;1136
2033;473;1137
2030;474;1138
2052;475;1139
2094;460;1140
2183;443;1141
2168;418;1142
2173;398;1143
2179;382;1144
2258;367;1145
2263;354;1146
2219;343;1147
2233;374;1148
2239;361;1149
2233;360;1150
2231;351;1151
2178;343;1152
2177;333;1153
2162;361;1154
2113;364;1155
2088;359;1156
1987;359;1157
1991;376;1158
1942;365;1159
1929;355;1160
1820;368;1161
1814;396;1162
1841;394;1163
1824;394;1164
1761;380;1165
1736;382;1166
1653;383;1167
1659;392;1168
1665;406;1169
1587;413;1170
1597;430;1171
1554;408;1172
1532;397;1173
1497;409;1174
1501;404;1175
1491;393;1176
1489;390;1177
1458;420;1178
1403;408;1179
1337;410;1180
1313;404;1181
1301;405;1182
1280;420;1183
1259;411;1184
1216;407;1185
1200;408;1186
1160;406;1187
1137;400;1188
1130;385;1189
1116;384;1190
1087;390;1191
1045;378;1192
1010;378;1193
1014;389;1194
985;390;1195
950;365;1196
929;365;1197
905;351;1198
853;358;1199
813;363;1200
800;348;1201
778;363;1202
763;359;1203
720;346;1204
713;332;1205
686;331;1206
655;321;1207
640;315;1208
629;317;1209
595;312;1210
587;307;1211
567;304;1212
556;299;1213
522;312;1214
507;313;1215
493;311;1216
481;310;1217
467;304;1218
452;326;1219
444;325;1220
423;321;1221
400;315;1222
397;311;1223
377;310;1224
373;308;1225
365;304;1226
338;292;1227
343;291;1228
319;276;1229
307;268;1230
321;266;1231
319;260;1232
293;245;1233
287;231;1234
296;221;1235
305;234;1236
284;210;1237
279;193;1238
274;192;1239
298;187;1240
305;194;1241
314;201;1242
318;197;1243
322;194;1244
303;193;1245
297;177;1246
295;171;1247
305;168;1248
306;169;1249
309;165;1250
328;171;1251
329;167;1252
339;163;1253
354;152;1254
342;152;1255
346;152;1256
375;142;1257
389;139;1258
384;131;1259
381;119;1260
398;127;1261
411;127;1262
421;127;1263
431;126;1264
442;121;1265
452;124;1266
464;119;1267
488;108;1268
520;111;1269
520;116;1270
545;111;1271
556;110;1272
550;123;1273
563;137;1274
580;138;1275
590;137;1276
607;134;1277
661;137;1278
692;144;1279
722;146;1280
733;148;1281
727;148;1282
757;147;1283
775;149;1284
773;148;1285
858;141;1286
926;136;1287
942;132;1288
996;130;1289
1002;121;1290
1011;119;1291
1040;118;1292
1069;118;1293
1111;113;1294
1154;115;1295
1217;118;1296
1243;114;1297
1283;114;1298
1324;114;1299
1374;105;1300
1435;103;1301
1464;98;1302
1512;94;1303
1589;98;1304
1669;100;1305
1719;98;1306
1730;97;1307
1766;99;1308
1847;102;1309
1865;107;1310
1918;103;1311
2039;110;1312
2102;111;1313
2131;109;1314
2188;103;1315
2211;110;1316
2279;108;1317
2312;121;1318
2388;130;1319
2402;134;1320
2402;144;1321
2446;146;1322
2505;149;1323
2582;155;1324
2583;164;1325
2615;172;1326
2630;179;1327
2691;184;1328
2759;198;1329
2795;216;1330
2902;222;1331
2906;247;1332
2956;257;1333
2986;268;1334
2984;276;1335
3031;293;1336
3035;290;1337
2996;330;1338
3040;342;1339
3000;349;1340
3036;350;1341
3053;379;1342
3082;406;1343
3031;430;1344
3002;440;1345
2980;459;1346
2915;488;1347
2897;497;1348
2851;499;1349
2838;513;1350
2825;542;1351
2749;541;1352
2760;544;1353
2771;587;1354
2795;612;1355
2784;623;1356
2738;645;1357
2698;656;1358
2685;658;1359
2672;675;1360
2671;691;1361
2632;697;1362
2647;698;1363
2622;694;1364
2566;699;1365
2529;702;1366
2514;735;1367
2495;747;1368
2452;747;1369
2369;767;1370
2315;783;1371
2285;817;1372
2218;864;1373
2163;857;1374
2115;840;1375
2051;848;1376
1967;840;1377
1914;852;1378
1853;867;1379
1748;900;1380
1671;903;1381
1606;920;1382
1533;909;1383
1512;924;1384
1456;923;1385
1385;919;1386
1332;926;1387
1272;914;1388
1261;900;1389
1204;878;1390
1175;844;1391
1135;840;1392
1079;838;1393
1030;824;1394
980;808;1395
947;806;1396
921;787;1397
913;741;1398
885;725;1399
816;671;1400
766;664;1401
769;642;1402
755;623;1403
736;628;1404
693;604;1405
670;576;1406
636;568;1407
615;537;1408
615;510;1409
592;501;1410
578;482;1411
576;476;1412
564;462;1413
539;437;1414
531;420;1415
546;408;1416
521;387;1417
500;399;1418
493;380;1419
486;346;1420
469;344;1421
477;319;1422
450;301;1423
430;295;1424
423;271;1425
397;259;1426
381;257;1427
340;240;1428
327;228;1429
306;212;1430
304;199;1431
294;199;1432
293;193;1433
276;196;1434
277;202;1435
275;189;1436
266;182;1437
255;177;1438
251;160;1439
255;161;1440
244;153;1441
228;146;1442
230;134;1443
228;127;1444
225;118;1445
229;120;1446
224;118;1447
222;118;1448
240;130;1449
247;129;1450
235;121;1451
229;112;1452
237;106;1453
241;113;1454
248;117;1455
251;123;1456
253;121;1457
255;121;1458
261;117;1459
266;122;1460
288;125;1461
282;120;1462
290;121;1463
279;122;1464
266;134;1465
278;129;1466
275;118;1467
287;109;1468
279;105;1469
303;113;1470
303;106;1471
302;118;1472
311;109;1473
328;104;1474
322;105;1475
326;114;1476
335;118;1477
340;112;1478
332;107;1479
333;108;1480
342;105;1481
344;102;1482
362;90;1483
367;92;1484
372;94;1485
364;97;1486
356;98;1487
365;104;1488
405;101;1489
414;97;1490
425;108;1491
448;108;1492
437;107;1493
461;99;1494
467;97;1495
471;97;1496
502;94;1497
514;95;1498
535;86;1499
546;82;1500
582;85;1501
623;79;1502
645;77;1503
665;77;1504
689;74;1505
703;68;1506
734;69;1507
786;62;1508
832;47;1509
848;43;1510
875;43;1511
893;38;1512
954;33;1513
1017;37;1514
1074;37;1515
1154;36;1516
1210;35;1517
1264;37;1518
1323;36;1519
1358;35;1520
1404;35;1521
1453;31;1522
1542;31;1523
1639;29;1524
1735;29;1525
1827;31;1526
1910;30;1527
1974;30;1528
2044;30;1529
2147;27;1530
2265;31;1531
2346;30;1532
2375;28;1533
2498;28;1534
2603;31;1535
2713;32;1536
2781;33;1537
2884;32;1538
2963;36;1539
3145;43;1540
3246;42;1541
3302;40;1542
3378;40;1543
3535;48;1544
3612;52;1545
3719;56;1546
3760;58;1547
3848;58;1548
3976;59;1549
4019;69;1550
4015;72;1551
4105;74;1552
4186;78;1553
4218;78;1554
4297;88;1555
4276;90;1556
4309;91;1557
4381;87;1558
4429;112;1559
4466;119;1560
4518;118;1561
4555;114;1562
4616;117;1563
4657;124;1564
4688;142;1565
4725;146;1566
4739;153;1567
4738;152;1568
4721;163;1569
4693;176;1570
4700;188;1571
4689;191;1572
4693;196;1573
4625;201;1574
4574;221;1575
4547;240;1576
4512;237;1577
4519;254;1578
4438;267;1579
4369;284;1580
4262;287;1581
4248;305;1582
4218;317;1583
4246;321;1584
4209;327;1585
4224;333;1586
4145;338;1587
4119;328;1588
4037;339;1589
4102;343;1590
4081;351;1591
3994;344;1592
3957;353;1593
3875;367;1594
3916;370;1595
3945;377;1596
3864;379;1597
3835;385;1598
3767;409;1599
3685;415;1600
3609;419;1601
3561;430;1602
3587;427;1603
3573;409;1604
3577;404;1605
3470;418;1606
3393;420;1607
3329;417;1608
3236;405;1609
3175;415;1610
3088;416;1611
3013;407;1612
3000;414;1613
2932;416;1614
2907;439;1615
2926;459;1616
2885;443;1617
2862;440;1618
2809;444;1619
2788;460;1620
2687;459;1621
2645;479;1622
2658;491;1623
2636;490;1624
2621;498;1625
2609;503;1626
2591;532;1627
2532;545;1628
2488;556;1629
2451;569;1630
2468;583;1631
2388;609;1632
2340;606;1633
2296;610;1634
2229;623;1635
2156;629;1636
2132;633;1637
2081;640;1638
1989;653;1639
1952;649;1640
1908;673;1641
1896;690;1642
1805;706;1643
1748;723;1644
1695;713;1645
1627;707;1646
1529;709;1647
1500;723;1648
1479;720;1649
1454;713;1650
1425;721;1651
1396;713;1652
1371;714;1653
1322;724;1654
1296;707;1655
1230;693;1656
1250;679;1657
1159;680;1658
1091;656;1659
1029;637;1660
1005;612;1661
974;584;1662
939;565;1663
890;559;1664
858;534;1665
861;529;1666
841;499;1667
799;472;1668
736;470;1669
713;452;1670
684;423;1671
671;406;1672
609;408;1673
598;388;1674
602;364;1675
612;366;1676
603;353;1677
587;355;1678
592;332;1679
601;311;1680
592;301;1681
553;295;1682
530;294;1683
511;281;1684
488;285;1685
486;294;1686
488;282;1687
456;273;1688
442;264;1689
455;251;1690
450;246;1691
434;241;1692
435;237;1693
428;236;1694
411;241;1695
396;233;1696
377;229;1697
366;231;1698
363;239;1699
363;235;1700
364;241;1701
350;237;1702
353;229;1703
385;225;1704
408;230;1705
404;228;1706
400;234;1707
390;230;1708
377;224;1709
376;217;1710
386;221;1711
383;211;1712
381;204;1713
380;196;1714
373;198;1715
378;208;1716
386;206;1717
404;203;1718
390;197;1719
377;199;1720
382;194;1721
385;184;1722
385;178;1723
391;181;1724
387;178;1725
389;177;1726
393;179;1727
404;176;1728
432;172;1729
441;172;1730
434;164;1731
458;158;1732
489;150;1733
504;134;1734
524;135;1735
540;134;1736
554;131;1737
577;122;1738
600;123;1739
616;116;1740
647;112;1741
688;99;1742
757;92;1743
774;85;1744
788;78;1745
822;73;1746
865;66;1747
891;68;1748
922;65;1749
983;63;1750
1049;63;1751
1103;63;1752
1146;61;1753
1188;56;1754
1226;51;1755
1301;64;1756
1373;63;1757
1435;62;1758
1502;60;1759
1588;59;1760
1630;66;1761
1728;64;1762
1806;63;1763
1890;63;1764
1996;69;1765
2068;62;1766
2128;66;1767
2226;69;1768
2278;69;1769
2405;67;1770
2474;63;1771
2571;63;1772
2686;68;1773
2744;58;1774
2872;61;1775
2946;63;1776
2987;62;1777
3080;63;1778
3230;65;1779
3301;70;1780
3398;75;1781
3500;73;1782
3579;71;1783
3636;69;1784
3742;70;1785
3865;64;1786
3970;63;1787
3977;65;1788
4059;66;1789
4126;66;1790
4117;65;1791
4135;73;1792
4204;74;1793
4228;75;1794
4220;84;1795
4388;87;1796
4440;97;1797
4545;100;1798
4570;97;1799
4630;99;1800
4683;114;1801
4652;125;1802
4652;135;1803
4690;137;1804
4690;136;1805
4622;135;1806
4572;139;1807
4552;149;1808
4617;149;1809
4594;155;1810
4636;171;1811
4529;176;1812
4429;181;1813
4404;183;1814
4322;186;1815
4245;194;1816
4145;219;1817
4100;235;1818
4089;251;1819
4098;259;1820
4037;255;1821
4061;264;1822
3994;279;1823
3980;306;1824
3954;325;1825
3969;330;1826
3901;334;1827
3828;363;1828
3801;379;1829
3693;404;1830
3679;416;1831
3594;440;1832
3558;483;1833
3501;518;1834
3407;551;1835
3282;561;1836
3186;573;1837
3108;613;1838
3114;628;1839
3018;642;1840
2899;665;1841
2847;694;1842
2767;708;1843
2664;706;1844
2621;728;1845
2551;746;1846
2481;776;1847
2412;775;1848
2350;792;1849
2296;809;1850
2243;819;1851
2181;807;1852
2119;809;1853
2064;842;1854
1980;873;1855
1933;912;1856
1866;940;1857
1796;965;1858
1750;975;1859
1694;987;1860
1628;980;1861
1564;1004;1862
1447;1008;1863
1386;1013;1864
1294;1020;1865
1217;1021;1866
1167;1018;1867
1077;1022;1868
1016;993;1869
973;1000;1870
916;989;1871
850;987;1872
828;983;1873
781;963;1874
709;938;1875
662;905;1876
603;881;1877
555;860;1878
539;831;1879
496;820;1880
454;784;1881
426;749;1882
398;708;1883
374;681;1884
354;659;1885
317;622;1886
290;605;1887
260;574;1888
232;542;1889
205;502;1890
205;469;1891
207;439;1892
189;419;1893
181;406;1894
161;393;1895
169;368;1896
161;357;1897
152;318;1898
137;295;1899
143;274;1900
138;254;1901
133;246;1902
126;222;1903
127;210;1904
130;184;1905
150;166;1906
153;158;1907
143;153;1908
137;138;1909
142;124;1910
141;110;1911
145;96;1912
146;86;1913
141;74;1914
137;66;1915
131;57;1916
124;57;1917
134;56;1918
137;53;1919
139;45;1920
142;40;1921
149;35;1922
155;29;1923
155;30;1924
151;28;1925
163;33;1926
167;32;1927
181;30;1928
179;26;1929
179;21;1930
178;19;1931
182;18;1932
172;18;1933
171;18;1934
186;16;1935
192;14;1936
208;13;1937
224;13;1938
252;13;1939
265;12;1940
267;12;1941
264;7;1942
272;7;1943
270;2;1944
287;2;1945
307;2;1946
332;2;1947
337;2;1948
345;2;1949
354;2;1950
376;2;1951
380;2;1952
425;1;1953
440;1;1954
478;1;1955
483;1;1956
517;0;1957
551;0;1958
583;0;1959
611;0;1960
625;0;1961
641;0;1962
687;0;1963
741;0;1964
788;0;1965
823;0;1966
870;0;1967
931;0;1968
983;0;1969
1036;0;1970
1095;0;1971
1159;0;1972
1191;0;1973
1246;0;1974
1345;0;1975
1448;0;1976
1539;0;1977
1618;0;1978
1703;0;1979
1788;0;1980
1836;0;1981
1881;0;1982
2008;0;1983
2096;0;1984
2219;0;1985
2310;0;1986
2394;0;1987
2444;0;1988
2541;0;1989
2653;0;1990
2780;0;1991
2841;0;1992
2985;0;1993
3096;0;1994
3173;0;1995
3263;0;1996
3345;0;1997
3473;0;1998
3528;0;1999
