prey;predator;iteration
396;99;0
395;99;1
388;99;2
381;99;3
378;99;4
388;99;5
413;99;6
440;99;7
489;104;8
542;109;9
579;113;10
592;113;11
621;112;12
681;118;13
705;124;14
739;124;15
768;126;16
796;102;17
845;93;18
858;99;19
858;102;20
850;105;21
885;111;22
898;116;23
972;109;24
1021;117;25
1092;108;26
1148;112;27
1223;115;28
1288;119;29
1362;127;30
1402;129;31
1448;129;32
1547;131;33
1625;138;34
1688;157;35
1714;164;36
1773;171;37
1835;186;38
1914;182;39
1961;181;40
2077;193;41
2166;203;42
2254;201;43
2310;204;44
2379;229;45
2455;238;46
2499;240;47
2572;266;48
2623;277;49
2666;285;50
2721;307;51
2735;303;52
2768;306;53
2821;318;54
2823;318;55
2849;327;56
2867;345;57
2847;372;58
2900;380;59
2891;405;60
2886;432;61
2853;452;62
2830;469;63
2821;478;64
2782;484;65
2732;485;66
2729;523;67
2735;534;68
2723;554;69
2658;555;70
2625;572;71
2597;610;72
2508;614;73
2490;615;74
2394;626;75
2347;624;76
2305;678;77
2248;671;78
2170;677;79
2137;661;80
2060;651;81
2017;665;82
1932;670;83
1863;676;84
1809;690;85
1784;693;86
1736;675;87
1670;682;88
1646;712;89
1644;714;90
1615;708;91
1581;724;92
1497;732;93
1446;753;94
1434;723;95
1415;743;96
1406;743;97
1370;749;98
1312;780;99
1258;801;100
1221;798;101
1165;796;102
1096;798;103
1058;787;104
1001;787;105
917;790;106
867;762;107
798;766;108
758;754;109
713;732;110
691;736;111
639;723;112
614;741;113
588;731;114
536;716;115
507;681;116
457;639;117
419;622;118
389;604;119
346;585;120
342;565;121
336;553;122
326;535;123
326;514;124
301;508;125
308;484;126
287;484;127
286;483;128
277;450;129
280;431;130
265;411;131
254;380;132
256;368;133
260;367;134
273;359;135
263;344;136
265;336;137
270;323;138
269;304;139
271;294;140
272;276;141
302;265;142
318;250;143
328;235;144
326;216;145
323;179;146
322;173;147
343;163;148
345;146;149
374;149;150
381;136;151
409;122;152
413;113;153
411;107;154
420;101;155
441;104;156
453;113;157
476;116;158
491;109;159
510;113;160
519;107;161
534;105;162
552;109;163
566;114;164
573;112;165
594;107;166
601;109;167
633;111;168
653;116;169
660;130;170
688;120;171
735;125;172
753;123;173
757;133;174
757;129;175
797;141;176
820;146;177
829;157;178
861;155;179
874;165;180
910;168;181
925;183;182
958;185;183
979;183;184
1011;185;185
1055;195;186
1072;198;187
1088;205;188
1107;203;189
1115;212;190
1159;217;191
1178;219;192
1199;240;193
1227;237;194
1245;264;195
1269;261;196
1293;272;197
1319;274;198
1304;272;199
1319;292;200
1355;320;201
1356;335;202
1411;335;203
1476;350;204
1499;360;205
1489;385;206
1474;397;207
1453;411;208
1426;415;209
1434;412;210
1471;438;211
1469;451;212
1518;442;213
1554;449;214
1572;452;215
1591;467;216
1602;482;217
1619;484;218
1639;453;219
1619;451;220
1631;445;221
1669;445;222
1656;443;223
1698;447;224
1705;447;225
1732;452;226
1738;455;227
1769;465;228
1742;463;229
1745;457;230
1786;455;231
1797;460;232
1795;476;233
1817;470;234
1803;474;235
1834;493;236
1836;509;237
1863;503;238
1868;512;239
1844;516;240
1875;522;241
1891;515;242
1877;505;243
1913;486;244
1891;481;245
1882;505;246
1863;505;247
1847;514;248
1838;532;249
1819;533;250
1822;537;251
1820;553;252
1824;566;253
1815;564;254
1840;546;255
1806;567;256
1752;583;257
1732;589;258
1694;580;259
1625;573;260
1671;565;261
1626;565;262
1597;570;263
1559;569;264
1552;559;265
1521;549;266
1494;533;267
1474;558;268
1454;547;269
1428;543;270
1357;524;271
1346;534;272
1325;537;273
1293;529;274
1259;516;275
1277;520;276
1246;532;277
1237;530;278
1183;543;279
1180;541;280
1142;547;281
1123;553;282
1085;559;283
1067;569;284
1055;557;285
1019;543;286
1009;531;287
1014;548;288
985;556;289
956;555;290
934;544;291
926;544;292
913;546;293
895;544;294
907;540;295
869;529;296
869;517;297
851;509;298
836;509;299
799;513;300
778;507;301
786;499;302
755;499;303
737;506;304
725;500;305
726;481;306
714;474;307
697;469;308
685;467;309
657;465;310
635;454;311
612;451;312
588;437;313
609;451;314
615;449;315
622;450;316
596;449;317
586;441;318
571;430;319
571;423;320
541;414;321
544;395;322
561;380;323
552;390;324
526;385;325
522;377;326
504;360;327
506;368;328
515;371;329
505;373;330
491;360;331
503;352;332
504;344;333
510;332;334
520;337;335
527;332;336
519;335;337
489;329;338
466;323;339
455;324;340
461;326;341
440;317;342
456;303;343
450;296;344
459;298;345
437;299;346
432;302;347
412;294;348
414;294;349
400;281;350
379;262;351
368;264;352
377;252;353
384;246;354
382;229;355
392;238;356
404;246;357
401;238;358
385;237;359
405;237;360
404;252;361
398;245;362
388;238;363
404;233;364
408;221;365
417;226;366
437;226;367
445;217;368
458;207;369
462;208;370
475;205;371
492;193;372
511;201;373
535;194;374
538;193;375
556;194;376
555;198;377
556;198;378
589;196;379
617;197;380
650;195;381
689;194;382
676;200;383
666;195;384
700;188;385
694;195;386
688;203;387
701;215;388
707;217;389
709;217;390
714;222;391
736;220;392
753;225;393
766;240;394
788;249;395
780;265;396
790;272;397
807;279;398
808;289;399
812;294;400
797;289;401
782;296;402
816;314;403
817;323;404
815;327;405
823;330;406
849;350;407
828;360;408
814;372;409
806;382;410
808;381;411
812;385;412
797;382;413
801;383;414
804;407;415
810;401;416
785;402;417
792;393;418
778;395;419
756;393;420
732;383;421
722;381;422
737;387;423
731;375;424
742;358;425
765;361;426
789;357;427
792;358;428
796;355;429
779;346;430
801;344;431
803;353;432
800;330;433
795;340;434
830;343;435
812;356;436
846;375;437
842;370;438
870;377;439
865;374;440
880;374;441
876;375;442
925;373;443
967;366;444
999;370;445
1030;366;446
1031;363;447
1058;358;448
1075;369;449
1063;377;450
1056;363;451
1099;357;452
1120;340;453
1139;350;454
1173;343;455
1194;326;456
1248;326;457
1240;323;458
1227;326;459
1256;330;460
1259;332;461
1237;341;462
1220;336;463
1189;328;464
1204;321;465
1243;316;466
1244;305;467
1211;322;468
1212;325;469
1230;324;470
1229;342;471
1230;332;472
1196;329;473
1166;338;474
1170;344;475
1137;355;476
1081;350;477
1079;341;478
1091;342;479
1076;344;480
1048;347;481
1036;373;482
997;377;483
971;388;484
970;422;485
927;424;486
881;414;487
856;408;488
836;396;489
822;397;490
774;400;491
734;417;492
756;401;493
714;395;494
684;416;495
683;425;496
675;421;497
634;435;498
620;438;499
597;422;500
553;422;501
534;414;502
544;404;503
503;404;504
487;412;505
498;429;506
498;438;507
490;435;508
458;430;509
427;423;510
405;413;511
379;412;512
361;402;513
336;401;514
346;386;515
334;376;516
348;393;517
349;400;518
327;385;519
324;379;520
303;357;521
273;336;522
257;318;523
257;301;524
269;287;525
280;282;526
272;281;527
273;290;528
275;289;529
273;280;530
264;263;531
265;251;532
258;251;533
251;243;534
252;221;535
239;210;536
233;202;537
238;202;538
246;195;539
249;197;540
222;196;541
221;192;542
219;184;543
220;170;544
203;171;545
220;168;546
215;164;547
203;161;548
218;159;549
215;161;550
208;159;551
198;155;552
190;156;553
191;148;554
186;147;555
179;141;556
175;143;557
180;143;558
185;147;559
186;145;560
189;151;561
183;147;562
188;153;563
185;146;564
185;139;565
184;140;566
173;144;567
172;139;568
176;141;569
182;138;570
189;133;571
185;137;572
194;127;573
203;133;574
205;128;575
205;119;576
196;140;577
205;143;578
204;134;579
204;138;580
207;134;581
213;129;582
214;128;583
224;122;584
236;116;585
245;115;586
233;118;587
235;118;588
242;117;589
253;107;590
246;117;591
247;108;592
247;111;593
240;108;594
228;88;595
217;82;596
215;86;597
231;81;598
236;77;599
237;81;600
242;83;601
251;83;602
248;78;603
255;73;604
272;67;605
276;65;606
296;64;607
302;65;608
314;59;609
324;58;610
324;61;611
334;67;612
354;66;613
367;66;614
391;67;615
397;72;616
400;72;617
427;79;618
440;74;619
475;72;620
475;70;621
509;70;622
537;68;623
574;70;624
594;73;625
616;70;626
636;66;627
660;69;628
683;77;629
727;70;630
764;69;631
774;65;632
816;68;633
844;71;634
878;67;635
916;62;636
967;61;637
1026;61;638
1072;65;639
1118;68;640
1145;70;641
1214;69;642
1259;68;643
1292;66;644
1350;72;645
1378;71;646
1412;69;647
1462;75;648
1548;72;649
1652;72;650
1754;74;651
1878;85;652
1942;85;653
2044;91;654
2093;93;655
2194;100;656
2237;105;657
2288;113;658
2309;114;659
2368;122;660
2458;122;661
2523;136;662
2625;140;663
2702;142;664
2839;144;665
2952;148;666
2983;150;667
3096;167;668
3213;164;669
3293;182;670
3365;183;671
3392;198;672
3564;212;673
3736;220;674
3762;232;675
3798;254;676
3836;263;677
3908;274;678
3995;284;679
4050;313;680
4079;322;681
4105;356;682
4082;364;683
4055;368;684
3998;379;685
3970;401;686
3932;397;687
3919;413;688
3871;437;689
3806;460;690
3824;486;691
3806;505;692
3775;526;693
3726;557;694
3644;552;695
3584;554;696
3454;573;697
3373;574;698
3306;594;699
3235;621;700
3220;649;701
3145;666;702
3087;649;703
3045;672;704
3003;696;705
2914;715;706
2819;717;707
2730;728;708
2669;725;709
2619;739;710
2591;739;711
2502;760;712
2472;782;713
2417;795;714
2351;777;715
2300;762;716
2214;775;717
2097;759;718
2057;726;719
1921;730;720
1851;763;721
1785;760;722
1729;794;723
1682;788;724
1642;787;725
1583;768;726
1481;780;727
1431;775;728
1361;793;729
1305;773;730
1243;757;731
1178;751;732
1143;782;733
1103;797;734
1031;792;735
1005;755;736
938;774;737
903;786;738
871;768;739
800;754;740
739;755;741
694;736;742
661;752;743
627;775;744
589;780;745
566;767;746
546;735;747
506;716;748
486;688;749
478;646;750
454;628;751
427;619;752
407;622;753
376;608;754
355;583;755
361;545;756
340;544;757
320;544;758
317;532;759
314;516;760
290;467;761
281;425;762
304;398;763
301;389;764
280;384;765
271;361;766
266;360;767
251;344;768
238;330;769
235;316;770
230;288;771
214;268;772
205;255;773
188;247;774
183;233;775
180;221;776
174;206;777
165;193;778
139;190;779
140;185;780
128;185;781
120;170;782
111;161;783
98;156;784
98;144;785
82;141;786
82;135;787
86;120;788
85;122;789
95;121;790
88;115;791
91;102;792
92;95;793
95;92;794
93;90;795
96;95;796
98;82;797
91;74;798
92;67;799
97;68;800
104;67;801
106;67;802
107;64;803
116;58;804
112;53;805
106;52;806
102;44;807
103;46;808
113;45;809
110;45;810
108;40;811
119;41;812
130;36;813
141;29;814
138;29;815
141;32;816
140;32;817
152;30;818
161;30;819
152;28;820
148;26;821
148;24;822
156;26;823
166;29;824
167;32;825
171;28;826
172;24;827
177;24;828
182;27;829
190;25;830
191;24;831
194;23;832
204;22;833
206;20;834
208;21;835
213;21;836
228;20;837
248;18;838
259;22;839
260;27;840
262;27;841
266;29;842
276;35;843
281;35;844
305;33;845
323;35;846
345;35;847
352;34;848
364;34;849
383;32;850
402;31;851
405;38;852
418;37;853
437;42;854
455;42;855
470;44;856
511;46;857
522;46;858
528;47;859
559;50;860
604;49;861
624;51;862
622;54;863
638;57;864
653;58;865
679;56;866
708;56;867
736;62;868
771;63;869
806;59;870
840;59;871
871;56;872
875;54;873
917;57;874
969;57;875
1002;55;876
1042;58;877
1090;60;878
1094;62;879
1136;60;880
1185;55;881
1224;53;882
1289;52;883
1348;57;884
1405;61;885
1418;59;886
1495;59;887
1558;68;888
1592;71;889
1665;69;890
1693;66;891
1756;77;892
1848;84;893
1934;84;894
2015;77;895
2080;80;896
2115;82;897
2177;89;898
2213;97;899
2302;102;900
2379;108;901
2458;113;902
2530;117;903
2625;120;904
2692;123;905
2719;139;906
2850;145;907
2972;151;908
3024;158;909
3046;153;910
3163;155;911
3254;152;912
3335;155;913
3448;157;914
3575;153;915
3696;167;916
3767;166;917
3828;170;918
3895;172;919
3922;169;920
3983;176;921
4081;173;922
4139;197;923
4150;191;924
4230;185;925
4258;189;926
4270;191;927
4390;194;928
4371;190;929
4356;184;930
4393;184;931
4382;181;932
4390;186;933
4358;182;934
4338;193;935
4407;193;936
4422;197;937
4415;198;938
4307;210;939
4320;214;940
4297;196;941
4331;193;942
4349;189;943
4261;185;944
4310;185;945
4311;197;946
4246;199;947
4292;190;948
4206;186;949
4194;189;950
4179;195;951
4123;217;952
4082;215;953
4111;218;954
4118;221;955
4074;219;956
4054;237;957
4025;241;958
3937;247;959
3946;252;960
3933;268;961
3845;268;962
3855;297;963
3775;299;964
3699;304;965
3669;326;966
3650;340;967
3639;349;968
3620;381;969
3588;391;970
3564;405;971
3547;417;972
3482;425;973
3441;436;974
3407;450;975
3374;467;976
3294;489;977
3267;507;978
3179;499;979
3141;496;980
3118;495;981
3153;534;982
3077;533;983
3026;549;984
2981;565;985
2948;565;986
2894;560;987
2819;539;988
2768;543;989
2738;538;990
2698;542;991
2655;552;992
2556;548;993
2511;577;994
2473;576;995
2393;590;996
2403;579;997
2357;570;998
2320;555;999
2286;556;1000
2265;562;1001
2223;562;1002
2198;546;1003
2174;573;1004
2162;566;1005
2101;567;1006
2079;572;1007
1990;574;1008
1944;563;1009
1928;580;1010
1920;582;1011
1883;540;1012
1799;521;1013
1739;510;1014
1691;517;1015
1636;521;1016
1575;521;1017
1519;493;1018
1480;484;1019
1460;488;1020
1421;507;1021
1394;475;1022
1382;466;1023
1357;461;1024
1319;458;1025
1314;449;1026
1277;434;1027
1255;425;1028
1220;407;1029
1169;400;1030
1113;388;1031
1073;386;1032
1045;379;1033
999;381;1034
961;385;1035
917;375;1036
868;353;1037
901;329;1038
849;313;1039
832;327;1040
838;330;1041
787;314;1042
751;307;1043
744;315;1044
714;314;1045
691;288;1046
686;293;1047
697;281;1048
727;289;1049
713;285;1050
705;279;1051
718;272;1052
725;258;1053
697;251;1054
699;245;1055
702;239;1056
700;243;1057
695;227;1058
723;222;1059
717;214;1060
710;216;1061
715;200;1062
750;200;1063
762;199;1064
771;185;1065
767;184;1066
784;171;1067
813;176;1068
838;173;1069
845;163;1070
851;161;1071
866;166;1072
888;162;1073
929;159;1074
956;157;1075
926;161;1076
933;158;1077
982;160;1078
988;148;1079
1005;144;1080
1034;132;1081
1033;150;1082
1056;151;1083
1079;149;1084
1138;144;1085
1157;147;1086
1161;143;1087
1171;135;1088
1218;151;1089
1257;139;1090
1241;144;1091
1280;141;1092
1323;143;1093
1371;152;1094
1425;160;1095
1467;166;1096
1488;164;1097
1509;165;1098
1526;167;1099
1574;164;1100
1631;156;1101
1692;161;1102
1711;169;1103
1788;177;1104
1869;176;1105
1923;178;1106
1983;176;1107
2082;176;1108
2175;174;1109
2221;178;1110
2224;176;1111
2288;190;1112
2322;187;1113
2400;190;1114
2467;183;1115
2542;189;1116
2589;196;1117
2662;205;1118
2741;208;1119
2824;207;1120
2835;201;1121
2874;198;1122
2949;216;1123
3009;225;1124
3058;225;1125
3104;232;1126
3239;243;1127
3273;246;1128
3297;243;1129
3357;237;1130
3360;237;1131
3427;242;1132
3435;249;1133
3461;256;1134
3497;270;1135
3504;275;1136
3499;281;1137
3517;272;1138
3511;275;1139
3561;273;1140
3545;282;1141
3516;278;1142
3431;276;1143
3473;277;1144
3526;265;1145
3500;261;1146
3516;257;1147
3501;264;1148
3546;265;1149
3519;263;1150
3488;265;1151
3400;259;1152
3424;247;1153
3462;236;1154
3442;249;1155
3400;252;1156
3400;254;1157
3359;249;1158
3296;261;1159
3295;280;1160
3299;271;1161
3279;266;1162
3237;278;1163
3175;283;1164
3131;285;1165
3104;290;1166
3096;298;1167
3097;310;1168
3055;328;1169
3008;330;1170
3001;336;1171
3050;342;1172
2960;362;1173
2958;383;1174
2982;390;1175
2978;412;1176
2970;423;1177
2917;428;1178
2927;448;1179
2939;463;1180
2914;462;1181
2874;478;1182
2828;497;1183
2835;509;1184
2809;514;1185
2797;517;1186
2773;512;1187
2696;540;1188
2658;544;1189
2603;548;1190
2524;564;1191
2475;581;1192
2416;599;1193
2437;619;1194
2378;623;1195
2326;611;1196
2279;621;1197
2210;612;1198
2142;617;1199
2092;591;1200
2041;609;1201
1995;591;1202
1958;585;1203
1902;576;1204
1855;574;1205
1794;552;1206
1765;545;1207
1708;560;1208
1652;552;1209
1647;565;1210
1594;556;1211
1575;548;1212
1553;549;1213
1531;539;1214
1494;518;1215
1466;530;1216
1436;536;1217
1413;543;1218
1400;529;1219
1396;528;1220
1410;531;1221
1434;525;1222
1410;516;1223
1386;491;1224
1367;492;1225
1367;463;1226
1337;451;1227
1303;415;1228
1343;411;1229
1323;387;1230
1328;403;1231
1309;394;1232
1331;413;1233
1345;395;1234
1310;388;1235
1285;376;1236
1255;370;1237
1216;365;1238
1207;348;1239
1193;348;1240
1226;352;1241
1179;372;1242
1158;378;1243
1141;371;1244
1114;354;1245
1093;358;1246
1080;364;1247
1078;368;1248
1060;360;1249
1072;361;1250
1053;380;1251
1028;379;1252
998;378;1253
983;370;1254
949;383;1255
920;370;1256
855;372;1257
871;380;1258
860;383;1259
837;373;1260
811;365;1261
786;368;1262
758;366;1263
746;357;1264
699;361;1265
681;352;1266
664;356;1267
643;361;1268
615;353;1269
599;343;1270
581;354;1271
568;352;1272
536;333;1273
486;320;1274
475;315;1275
469;294;1276
454;299;1277
442;281;1278
409;281;1279
397;283;1280
390;278;1281
388;278;1282
369;259;1283
340;257;1284
341;256;1285
314;233;1286
301;225;1287
301;232;1288
296;225;1289
298;224;1290
292;225;1291
273;222;1292
265;227;1293
271;234;1294
267;228;1295
260;225;1296
247;222;1297
223;216;1298
221;211;1299
221;210;1300
214;217;1301
208;210;1302
200;211;1303
190;211;1304
180;205;1305
168;206;1306
156;196;1307
149;188;1308
150;183;1309
127;189;1310
125;181;1311
139;175;1312
138;169;1313
145;162;1314
141;148;1315
136;139;1316
141;137;1317
144;123;1318
149;114;1319
141;105;1320
151;96;1321
154;100;1322
163;101;1323
180;92;1324
178;87;1325
176;82;1326
191;81;1327
199;68;1328
196;65;1329
202;57;1330
205;57;1331
208;56;1332
217;54;1333
235;56;1334
245;54;1335
244;55;1336
247;54;1337
250;57;1338
266;47;1339
259;40;1340
254;43;1341
266;43;1342
291;43;1343
288;44;1344
296;42;1345
297;44;1346
304;43;1347
321;42;1348
350;38;1349
346;39;1350
360;39;1351
368;38;1352
371;37;1353
390;29;1354
405;31;1355
409;37;1356
425;42;1357
453;45;1358
465;49;1359
486;47;1360
497;45;1361
516;45;1362
546;52;1363
552;57;1364
551;59;1365
573;58;1366
593;56;1367
618;56;1368
669;60;1369
699;69;1370
726;69;1371
769;68;1372
852;67;1373
901;62;1374
949;70;1375
996;79;1376
1034;79;1377
1091;81;1378
1142;89;1379
1189;88;1380
1235;96;1381
1285;94;1382
1358;99;1383
1411;100;1384
1460;99;1385
1518;94;1386
1585;102;1387
1648;98;1388
1689;107;1389
1750;102;1390
1807;104;1391
1842;111;1392
1900;109;1393
1951;115;1394
1985;133;1395
2018;146;1396
2118;138;1397
2201;141;1398
2258;148;1399
2342;160;1400
2404;168;1401
2445;180;1402
2554;196;1403
2649;210;1404
2685;221;1405
2734;227;1406
2835;238;1407
2918;250;1408
2940;270;1409
2983;270;1410
3053;275;1411
3140;304;1412
3143;311;1413
3104;313;1414
3172;318;1415
3208;333;1416
3197;335;1417
3252;339;1418
3281;368;1419
3249;376;1420
3278;387;1421
3326;414;1422
3314;440;1423
3297;441;1424
3261;458;1425
3270;479;1426
3250;491;1427
3293;506;1428
3282;519;1429
3258;512;1430
3204;533;1431
3170;546;1432
3198;574;1433
3175;588;1434
3138;595;1435
3065;592;1436
3049;590;1437
2996;609;1438
2964;632;1439
2917;628;1440
2908;614;1441
2890;643;1442
2874;668;1443
2769;684;1444
2693;663;1445
2659;675;1446
2588;687;1447
2554;700;1448
2462;668;1449
2393;667;1450
2303;674;1451
2245;671;1452
2216;663;1453
2149;694;1454
2104;746;1455
2043;725;1456
1977;734;1457
1876;717;1458
1789;731;1459
1742;724;1460
1687;721;1461
1649;720;1462
1621;727;1463
1527;736;1464
1514;748;1465
1424;748;1466
1406;764;1467
1367;773;1468
1316;767;1469
1285;770;1470
1256;761;1471
1247;758;1472
1190;730;1473
1141;721;1474
1107;712;1475
1078;704;1476
1064;698;1477
1050;681;1478
1011;641;1479
973;643;1480
936;651;1481
925;635;1482
872;627;1483
841;617;1484
798;613;1485
793;625;1486
771;611;1487
734;612;1488
720;615;1489
731;613;1490
725;590;1491
690;569;1492
652;538;1493
642;523;1494
605;506;1495
587;507;1496
556;498;1497
544;494;1498
547;458;1499
534;447;1500
530;466;1501
508;469;1502
500;477;1503
485;444;1504
476;456;1505
463;435;1506
457;421;1507
455;417;1508
452;426;1509
459;415;1510
447;410;1511
447;415;1512
455;405;1513
455;391;1514
438;399;1515
425;388;1516
449;374;1517
455;370;1518
446;369;1519
466;362;1520
469;338;1521
459;333;1522
455;322;1523
465;303;1524
487;293;1525
486;283;1526
515;271;1527
535;262;1528
523;253;1529
520;245;1530
543;250;1531
555;249;1532
560;239;1533
565;220;1534
589;216;1535
580;217;1536
599;219;1537
593;211;1538
596;205;1539
593;201;1540
642;190;1541
645;189;1542
645;199;1543
637;209;1544
642;212;1545
678;205;1546
668;195;1547
687;191;1548
716;178;1549
741;177;1550
748;178;1551
775;181;1552
774;183;1553
813;182;1554
827;187;1555
815;190;1556
801;203;1557
846;201;1558
844;208;1559
836;217;1560
846;214;1561
843;201;1562
849;195;1563
825;190;1564
840;195;1565
820;191;1566
839;189;1567
851;189;1568
860;192;1569
879;195;1570
877;187;1571
891;188;1572
890;188;1573
916;187;1574
921;182;1575
930;185;1576
960;185;1577
984;183;1578
1003;179;1579
985;184;1580
984;197;1581
1003;212;1582
1016;219;1583
1017;215;1584
1040;218;1585
1048;214;1586
1064;227;1587
1108;237;1588
1115;239;1589
1081;247;1590
1109;263;1591
1139;279;1592
1157;283;1593
1163;310;1594
1169;317;1595
1167;325;1596
1195;329;1597
1215;340;1598
1228;343;1599
1247;341;1600
1235;343;1601
1235;349;1602
1263;341;1603
1298;362;1604
1325;354;1605
1332;360;1606
1332;369;1607
1358;373;1608
1368;381;1609
1359;366;1610
1402;363;1611
1388;347;1612
1435;363;1613
1452;356;1614
1475;361;1615
1497;362;1616
1538;351;1617
1603;343;1618
1627;352;1619
1652;376;1620
1687;376;1621
1686;374;1622
1702;386;1623
1733;387;1624
1763;393;1625
1800;392;1626
1830;372;1627
1906;369;1628
1917;371;1629
1950;372;1630
1983;364;1631
1990;365;1632
2026;350;1633
2044;344;1634
2077;345;1635
2090;333;1636
2112;350;1637
2109;350;1638
2111;349;1639
2139;334;1640
2140;337;1641
2110;325;1642
2118;325;1643
2137;337;1644
2162;353;1645
2113;350;1646
2106;353;1647
2107;377;1648
2071;383;1649
2067;396;1650
2077;396;1651
2053;400;1652
2063;410;1653
2047;412;1654
2025;402;1655
2019;404;1656
1951;414;1657
1915;409;1658
1838;394;1659
1801;408;1660
1799;435;1661
1774;440;1662
1741;429;1663
1683;442;1664
1661;432;1665
1640;439;1666
1530;465;1667
1481;462;1668
1409;472;1669
1388;486;1670
1337;499;1671
1274;498;1672
1232;509;1673
1208;531;1674
1163;536;1675
1147;551;1676
1134;582;1677
1095;584;1678
1043;576;1679
1020;598;1680
984;628;1681
942;629;1682
907;657;1683
875;641;1684
852;646;1685
825;657;1686
830;675;1687
816;677;1688
799;656;1689
777;655;1690
763;639;1691
772;636;1692
758;639;1693
730;609;1694
699;590;1695
659;590;1696
650;597;1697
609;575;1698
624;546;1699
619;546;1700
619;522;1701
627;520;1702
608;504;1703
632;491;1704
633;468;1705
626;454;1706
616;460;1707
618;437;1708
592;450;1709
588;440;1710
568;431;1711
584;414;1712
580;409;1713
595;388;1714
565;368;1715
557;368;1716
552;368;1717
519;353;1718
526;346;1719
509;327;1720
502;320;1721
495;324;1722
479;312;1723
451;308;1724
448;303;1725
439;313;1726
437;299;1727
428;287;1728
424;273;1729
423;282;1730
447;267;1731
433;266;1732
435;266;1733
421;248;1734
431;233;1735
449;232;1736
450;231;1737
463;224;1738
466;231;1739
480;223;1740
482;239;1741
481;235;1742
482;222;1743
484;218;1744
492;225;1745
503;229;1746
506;217;1747
512;204;1748
512;199;1749
513;195;1750
512;194;1751
535;192;1752
524;195;1753
519;203;1754
514;198;1755
512;201;1756
530;191;1757
555;188;1758
552;184;1759
555;180;1760
553;177;1761
550;169;1762
538;169;1763
573;165;1764
585;162;1765
590;166;1766
620;168;1767
631;161;1768
658;164;1769
673;162;1770
666;165;1771
668;163;1772
677;170;1773
707;163;1774
743;167;1775
757;171;1776
786;172;1777
843;166;1778
864;165;1779
868;164;1780
882;164;1781
905;159;1782
983;167;1783
986;173;1784
1007;177;1785
1053;182;1786
1072;173;1787
1089;185;1788
1107;208;1789
1142;207;1790
1202;203;1791
1253;195;1792
1311;193;1793
1362;194;1794
1411;190;1795
1444;189;1796
1519;211;1797
1540;204;1798
1585;207;1799
1615;212;1800
1649;215;1801
1689;224;1802
1709;227;1803
1724;227;1804
1752;248;1805
1790;263;1806
1848;267;1807
1848;266;1808
1856;276;1809
1901;277;1810
1951;280;1811
1988;271;1812
2032;285;1813
2059;287;1814
2050;287;1815
2059;286;1816
2092;301;1817
2107;300;1818
2167;304;1819
2199;304;1820
2188;322;1821
2195;341;1822
2202;340;1823
2161;339;1824
2217;350;1825
2172;352;1826
2182;361;1827
2204;377;1828
2212;388;1829
2203;408;1830
2198;422;1831
2208;411;1832
2171;421;1833
2167;428;1834
2100;445;1835
2063;449;1836
2062;497;1837
2060;501;1838
2018;498;1839
2023;484;1840
1999;484;1841
2004;496;1842
1932;500;1843
1885;517;1844
1838;527;1845
1848;518;1846
1810;526;1847
1762;524;1848
1708;541;1849
1627;557;1850
1577;585;1851
1524;614;1852
1453;618;1853
1367;611;1854
1337;613;1855
1311;629;1856
1232;628;1857
1185;635;1858
1166;667;1859
1145;670;1860
1106;670;1861
1038;674;1862
999;678;1863
954;667;1864
929;660;1865
902;672;1866
863;674;1867
821;695;1868
786;685;1869
764;674;1870
779;688;1871
772;671;1872
742;664;1873
716;653;1874
678;654;1875
640;633;1876
616;614;1877
573;604;1878
542;580;1879
524;549;1880
520;540;1881
509;531;1882
508;520;1883
495;498;1884
497;473;1885
489;422;1886
484;398;1887
462;371;1888
462;341;1889
459;334;1890
452;318;1891
433;293;1892
445;265;1893
444;261;1894
457;251;1895
466;243;1896
465;241;1897
480;233;1898
488;218;1899
480;218;1900
475;213;1901
465;207;1902
464;203;1903
473;193;1904
481;185;1905
490;178;1906
527;181;1907
572;184;1908
553;180;1909
555;174;1910
550;171;1911
560;178;1912
594;167;1913
599;159;1914
596;157;1915
637;165;1916
677;161;1917
719;153;1918
728;147;1919
738;156;1920
766;172;1921
789;173;1922
791;177;1923
805;174;1924
845;168;1925
860;160;1926
890;156;1927
928;159;1928
927;157;1929
946;148;1930
978;151;1931
983;144;1932
995;146;1933
980;147;1934
996;141;1935
1022;146;1936
1061;147;1937
1071;147;1938
1108;141;1939
1120;143;1940
1131;144;1941
1203;140;1942
1220;140;1943
1244;135;1944
1270;147;1945
1288;146;1946
1299;142;1947
1312;140;1948
1316;147;1949
1327;154;1950
1357;164;1951
1379;163;1952
1425;165;1953
1471;159;1954
1517;159;1955
1551;174;1956
1588;174;1957
1590;181;1958
1615;192;1959
1630;202;1960
1673;210;1961
1687;216;1962
1745;224;1963
1783;237;1964
1862;250;1965
1902;276;1966
1944;279;1967
2014;280;1968
2046;287;1969
2109;296;1970
2131;329;1971
2223;344;1972
2286;375;1973
2293;391;1974
2267;437;1975
2277;452;1976
2317;470;1977
2343;494;1978
2354;525;1979
2305;539;1980
2313;552;1981
2323;568;1982
2286;581;1983
2228;598;1984
2217;622;1985
2143;635;1986
2124;646;1987
2042;655;1988
1971;669;1989
1908;697;1990
1889;708;1991
1853;710;1992
1754;709;1993
1677;734;1994
1621;748;1995
1606;762;1996
1582;734;1997
1540;758;1998
1536;761;1999
